#format table ## [Custom WaveView] saved 19:15:45 Thu Jul  4 2024
XVAL Vdif 
 0.000E+00  5.511E-02 
 5.253E-09  5.511E-02 
 1.028E-08  5.511E-02 
 5.025E-08  5.511E-02 
 5.026E-08  5.513E-02 
 5.027E-08  5.512E-02 
 5.028E-08  5.511E-02 
 5.029E-08  5.511E-02 
 5.029E-08  5.509E-02 
 5.029E-08  5.506E-02 
 5.030E-08  5.494E-02 
 5.030E-08  5.477E-02 
 5.031E-08  5.469E-02 
 5.031E-08  5.461E-02 
 5.031E-08  5.451E-02 
 5.032E-08  5.430E-02 
 5.032E-08  5.427E-02 
 5.032E-08  5.423E-02 
 5.032E-08  5.420E-02 
 5.032E-08  5.421E-02 
 5.033E-08  5.428E-02 
 5.033E-08  5.439E-02 
 5.034E-08  5.445E-02 
 5.034E-08  5.451E-02 
 5.034E-08  5.464E-02 
 5.035E-08  5.472E-02 
 5.035E-08  5.482E-02 
 5.035E-08  5.488E-02 
 5.035E-08  5.495E-02 
 5.036E-08  5.502E-02 
 5.036E-08  5.507E-02 
 5.036E-08  5.513E-02 
 5.036E-08  5.520E-02 
 5.037E-08  5.541E-02 
 5.037E-08  5.546E-02 
 5.037E-08  5.545E-02 
 5.038E-08  5.539E-02 
 5.038E-08  5.521E-02 
 5.038E-08  5.515E-02 
 5.038E-08  5.512E-02 
 5.039E-08  5.511E-02 
 5.040E-08  5.517E-02 
 5.040E-08  5.526E-02 
 5.041E-08  5.535E-02 
 5.042E-08  5.551E-02 
 5.042E-08  5.553E-02 
 5.042E-08  5.555E-02 
 5.042E-08  5.555E-02 
 5.044E-08  5.551E-02 
 5.044E-08  5.552E-02 
 5.044E-08  5.557E-02 
 5.045E-08  5.575E-02 
 5.045E-08  5.579E-02 
 5.045E-08  5.582E-02 
 5.046E-08  5.585E-02 
 5.046E-08  5.587E-02 
 5.047E-08  5.595E-02 
 5.048E-08  5.607E-02 
 5.048E-08  5.608E-02 
 5.048E-08  5.607E-02 
 5.049E-08  5.605E-02 
 5.049E-08  5.597E-02 
 5.050E-08  5.593E-02 
 5.050E-08  5.589E-02 
 5.050E-08  5.585E-02 
 5.050E-08  5.579E-02 
 5.051E-08  5.565E-02 
 5.051E-08  5.563E-02 
 5.051E-08  5.563E-02 
 5.051E-08  5.566E-02 
 5.051E-08  5.573E-02 
 5.052E-08  5.582E-02 
 5.052E-08  5.598E-02 
 5.052E-08  5.630E-02 
 5.053E-08  5.641E-02 
 5.053E-08  5.647E-02 
 5.053E-08  5.651E-02 
 5.053E-08  5.653E-02 
 5.054E-08  5.657E-02 
 5.054E-08  5.662E-02 
 5.054E-08  5.662E-02 
 5.055E-08  5.661E-02 
 5.055E-08  5.657E-02 
 5.056E-08  5.646E-02 
 5.056E-08  5.634E-02 
 5.056E-08  5.628E-02 
 5.056E-08  5.621E-02 
 5.057E-08  5.613E-02 
 5.057E-08  5.600E-02 
 5.057E-08  5.595E-02 
 5.057E-08  5.592E-02 
 5.057E-08  5.590E-02 
 5.058E-08  5.591E-02 
 5.058E-08  5.593E-02 
 5.058E-08  5.598E-02 
 5.059E-08  5.612E-02 
 5.059E-08  5.616E-02 
 5.059E-08  5.624E-02 
 5.059E-08  5.636E-02 
 5.059E-08  5.650E-02 
 5.060E-08  5.668E-02 
 5.060E-08  5.683E-02 
 5.060E-08  5.698E-02 
 5.060E-08  5.707E-02 
 5.060E-08  5.712E-02 
 5.061E-08  5.715E-02 
 5.061E-08  5.714E-02 
 5.061E-08  5.712E-02 
 5.062E-08  5.704E-02 
 5.062E-08  5.686E-02 
 5.062E-08  5.680E-02 
 5.063E-08  5.672E-02 
 5.063E-08  5.665E-02 
 5.063E-08  5.655E-02 
 5.063E-08  5.640E-02 
 5.064E-08  5.633E-02 
 5.064E-08  5.629E-02 
 5.064E-08  5.626E-02 
 5.064E-08  5.625E-02 
 5.064E-08  5.625E-02 
 5.064E-08  5.627E-02 
 5.065E-08  5.637E-02 
 5.065E-08  5.648E-02 
 5.066E-08  5.661E-02 
 5.066E-08  5.676E-02 
 5.067E-08  5.688E-02 
 5.067E-08  5.703E-02 
 5.067E-08  5.718E-02 
 5.068E-08  5.744E-02 
 5.068E-08  5.748E-02 
 5.068E-08  5.750E-02 
 5.068E-08  5.751E-02 
 5.068E-08  5.749E-02 
 5.069E-08  5.738E-02 
 5.069E-08  5.731E-02 
 5.069E-08  5.723E-02 
 5.069E-08  5.716E-02 
 5.069E-08  5.705E-02 
 5.070E-08  5.691E-02 
 5.070E-08  5.679E-02 
 5.070E-08  5.671E-02 
 5.070E-08  5.668E-02 
 5.071E-08  5.666E-02 
 5.071E-08  5.670E-02 
 5.072E-08  5.677E-02 
 5.072E-08  5.686E-02 
 5.073E-08  5.696E-02 
 5.073E-08  5.703E-02 
 5.073E-08  5.712E-02 
 5.074E-08  5.719E-02 
 5.074E-08  5.724E-02 
 5.074E-08  5.730E-02 
 5.074E-08  5.735E-02 
 5.075E-08  5.738E-02 
 5.075E-08  5.747E-02 
 5.075E-08  5.756E-02 
 5.075E-08  5.763E-02 
 5.075E-08  5.766E-02 
 5.076E-08  5.762E-02 
 5.076E-08  5.753E-02 
 5.076E-08  5.727E-02 
 5.077E-08  5.719E-02 
 5.077E-08  5.715E-02 
 5.077E-08  5.713E-02 
 5.077E-08  5.712E-02 
 5.078E-08  5.713E-02 
 5.078E-08  5.716E-02 
 5.079E-08  5.721E-02 
 5.079E-08  5.724E-02 
 5.079E-08  5.730E-02 
 5.080E-08  5.740E-02 
 5.080E-08  5.743E-02 
 5.080E-08  5.743E-02 
 5.081E-08  5.739E-02 
 5.081E-08  5.733E-02 
 5.081E-08  5.727E-02 
 5.081E-08  5.719E-02 
 5.081E-08  5.711E-02 
 5.082E-08  5.697E-02 
 5.082E-08  5.694E-02 
 5.082E-08  5.697E-02 
 5.082E-08  5.704E-02 
 5.082E-08  5.716E-02 
 5.083E-08  5.744E-02 
 5.083E-08  5.754E-02 
 5.083E-08  5.761E-02 
 5.083E-08  5.767E-02 
 5.084E-08  5.770E-02 
 5.084E-08  5.774E-02 
 5.084E-08  5.779E-02 
 5.085E-08  5.787E-02 
 5.086E-08  5.798E-02 
 5.087E-08  5.806E-02 
 5.087E-08  5.810E-02 
 5.089E-08  5.827E-02 
 5.089E-08  5.835E-02 
 5.089E-08  5.842E-02 
 5.090E-08  5.852E-02 
 5.090E-08  5.863E-02 
 5.090E-08  5.878E-02 
 5.090E-08  5.891E-02 
 5.091E-08  5.897E-02 
 5.091E-08  5.898E-02 
 5.091E-08  5.897E-02 
 5.091E-08  5.894E-02 
 5.092E-08  5.885E-02 
 5.092E-08  5.880E-02 
 5.094E-08  5.854E-02 
 5.095E-08  5.834E-02 
 5.095E-08  5.827E-02 
 5.096E-08  5.817E-02 
 5.096E-08  5.814E-02 
 5.097E-08  5.814E-02 
 5.097E-08  5.816E-02 
 5.097E-08  5.819E-02 
 5.098E-08  5.825E-02 
 5.098E-08  5.841E-02 
 5.098E-08  5.845E-02 
 5.098E-08  5.847E-02 
 5.098E-08  5.846E-02 
 5.099E-08  5.843E-02 
 5.099E-08  5.830E-02 
 5.100E-08  5.795E-02 
 5.101E-08  5.781E-02 
 5.102E-08  5.738E-02 
 5.103E-08  5.713E-02 
 5.104E-08  5.694E-02 
 5.104E-08  5.686E-02 
 5.104E-08  5.682E-02 
 5.105E-08  5.680E-02 
 5.105E-08  5.681E-02 
 5.105E-08  5.684E-02 
 5.106E-08  5.697E-02 
 5.106E-08  5.700E-02 
 5.106E-08  5.701E-02 
 5.106E-08  5.699E-02 
 5.106E-08  5.692E-02 
 5.107E-08  5.676E-02 
 5.108E-08  5.631E-02 
 5.108E-08  5.612E-02 
 5.109E-08  5.574E-02 
 5.110E-08  5.558E-02 
 5.110E-08  5.541E-02 
 5.111E-08  5.518E-02 
 5.111E-08  5.506E-02 
 5.112E-08  5.497E-02 
 5.112E-08  5.491E-02 
 5.113E-08  5.491E-02 
 5.113E-08  5.494E-02 
 5.113E-08  5.500E-02 
 5.113E-08  5.505E-02 
 5.114E-08  5.505E-02 
 5.114E-08  5.501E-02 
 5.114E-08  5.491E-02 
 5.115E-08  5.473E-02 
 5.116E-08  5.398E-02 
 5.117E-08  5.363E-02 
 5.118E-08  5.345E-02 
 5.118E-08  5.327E-02 
 5.119E-08  5.298E-02 
 5.119E-08  5.287E-02 
 5.120E-08  5.279E-02 
 5.120E-08  5.277E-02 
 5.120E-08  5.276E-02 
 5.121E-08  5.278E-02 
 5.121E-08  5.290E-02 
 5.121E-08  5.287E-02 
 5.122E-08  5.282E-02 
 5.122E-08  5.266E-02 
 5.123E-08  5.219E-02 
 5.123E-08  5.199E-02 
 5.124E-08  5.157E-02 
 5.125E-08  5.138E-02 
 5.125E-08  5.119E-02 
 5.126E-08  5.103E-02 
 5.127E-08  5.073E-02 
 5.127E-08  5.061E-02 
 5.127E-08  5.053E-02 
 5.128E-08  5.049E-02 
 5.128E-08  5.049E-02 
 5.128E-08  5.052E-02 
 5.129E-08  5.061E-02 
 5.129E-08  5.061E-02 
 5.129E-08  5.060E-02 
 5.129E-08  5.055E-02 
 5.130E-08  5.041E-02 
 5.130E-08  5.029E-02 
 5.131E-08  4.965E-02 
 5.131E-08  4.953E-02 
 5.132E-08  4.920E-02 
 5.132E-08  4.908E-02 
 5.133E-08  4.890E-02 
 5.133E-08  4.873E-02 
 5.134E-08  4.845E-02 
 5.135E-08  4.833E-02 
 5.135E-08  4.823E-02 
 5.135E-08  4.816E-02 
 5.136E-08  4.815E-02 
 5.136E-08  4.816E-02 
 5.136E-08  4.821E-02 
 5.136E-08  4.825E-02 
 5.136E-08  4.827E-02 
 5.137E-08  4.826E-02 
 5.137E-08  4.821E-02 
 5.137E-08  4.814E-02 
 5.138E-08  4.780E-02 
 5.139E-08  4.729E-02 
 5.140E-08  4.692E-02 
 5.140E-08  4.673E-02 
 5.141E-08  4.639E-02 
 5.142E-08  4.613E-02 
 5.142E-08  4.600E-02 
 5.143E-08  4.588E-02 
 5.143E-08  4.580E-02 
 5.143E-08  4.578E-02 
 5.143E-08  4.578E-02 
 5.144E-08  4.579E-02 
 5.144E-08  4.584E-02 
 5.144E-08  4.588E-02 
 5.144E-08  4.589E-02 
 5.144E-08  4.587E-02 
 5.145E-08  4.581E-02 
 5.145E-08  4.561E-02 
 5.145E-08  4.547E-02 
 5.146E-08  4.512E-02 
 5.147E-08  4.467E-02 
 5.148E-08  4.426E-02 
 5.148E-08  4.405E-02 
 5.149E-08  4.388E-02 
 5.149E-08  4.373E-02 
 5.150E-08  4.357E-02 
 5.150E-08  4.345E-02 
 5.151E-08  4.339E-02 
 5.151E-08  4.338E-02 
 5.151E-08  4.340E-02 
 5.152E-08  4.349E-02 
 5.152E-08  4.348E-02 
 5.152E-08  4.344E-02 
 5.152E-08  4.334E-02 
 5.153E-08  4.314E-02 
 5.154E-08  4.236E-02 
 5.155E-08  4.220E-02 
 5.155E-08  4.189E-02 
 5.156E-08  4.173E-02 
 5.156E-08  4.153E-02 
 5.157E-08  4.124E-02 
 5.158E-08  4.112E-02 
 5.158E-08  4.104E-02 
 5.158E-08  4.099E-02 
 5.159E-08  4.100E-02 
 5.159E-08  4.102E-02 
 5.159E-08  4.110E-02 
 5.159E-08  4.111E-02 
 5.160E-08  4.110E-02 
 5.160E-08  4.105E-02 
 5.160E-08  4.092E-02 
 5.160E-08  4.080E-02 
 5.161E-08  4.026E-02 
 5.162E-08  4.005E-02 
 5.163E-08  3.965E-02 
 5.163E-08  3.947E-02 
 5.164E-08  3.926E-02 
 5.164E-08  3.910E-02 
 5.165E-08  3.897E-02 
 5.165E-08  3.884E-02 
 5.165E-08  3.873E-02 
 5.166E-08  3.864E-02 
 5.166E-08  3.860E-02 
 5.166E-08  3.860E-02 
 5.167E-08  3.862E-02 
 5.167E-08  3.870E-02 
 5.167E-08  3.871E-02 
 5.167E-08  3.870E-02 
 5.167E-08  3.865E-02 
 5.168E-08  3.851E-02 
 5.168E-08  3.839E-02 
 5.169E-08  3.787E-02 
 5.170E-08  3.766E-02 
 5.170E-08  3.724E-02 
 5.171E-08  3.705E-02 
 5.171E-08  3.683E-02 
 5.172E-08  3.667E-02 
 5.172E-08  3.655E-02 
 5.173E-08  3.641E-02 
 5.173E-08  3.629E-02 
 5.174E-08  3.620E-02 
 5.174E-08  3.619E-02 
 5.174E-08  3.619E-02 
 5.174E-08  3.625E-02 
 5.175E-08  3.630E-02 
 5.175E-08  3.630E-02 
 5.175E-08  3.627E-02 
 5.175E-08  3.620E-02 
 5.176E-08  3.603E-02 
 5.176E-08  3.590E-02 
 5.177E-08  3.535E-02 
 5.178E-08  3.491E-02 
 5.178E-08  3.471E-02 
 5.179E-08  3.449E-02 
 5.179E-08  3.431E-02 
 5.180E-08  3.401E-02 
 5.181E-08  3.389E-02 
 5.181E-08  3.381E-02 
 5.181E-08  3.378E-02 
 5.182E-08  3.377E-02 
 5.182E-08  3.379E-02 
 5.182E-08  3.384E-02 
 5.182E-08  3.389E-02 
 5.183E-08  3.389E-02 
 5.183E-08  3.386E-02 
 5.183E-08  3.380E-02 
 5.183E-08  3.372E-02 
 5.183E-08  3.361E-02 
 5.184E-08  3.330E-02 
 5.185E-08  3.291E-02 
 5.186E-08  3.247E-02 
 5.186E-08  3.227E-02 
 5.187E-08  3.207E-02 
 5.187E-08  3.191E-02 
 5.188E-08  3.160E-02 
 5.188E-08  3.148E-02 
 5.189E-08  3.140E-02 
 5.189E-08  3.138E-02 
 5.189E-08  3.137E-02 
 5.189E-08  3.138E-02 
 5.190E-08  3.146E-02 
 5.190E-08  3.148E-02 
 5.190E-08  3.148E-02 
 5.190E-08  3.146E-02 
 5.191E-08  3.140E-02 
 5.191E-08  3.124E-02 
 5.192E-08  3.077E-02 
 5.192E-08  3.056E-02 
 5.193E-08  3.012E-02 
 5.194E-08  2.974E-02 
 5.195E-08  2.957E-02 
 5.195E-08  2.931E-02 
 5.196E-08  2.919E-02 
 5.196E-08  2.907E-02 
 5.197E-08  2.899E-02 
 5.197E-08  2.897E-02 
 5.197E-08  2.898E-02 
 5.197E-08  2.903E-02 
 5.198E-08  2.907E-02 
 5.198E-08  2.908E-02 
 5.198E-08  2.906E-02 
 5.198E-08  2.901E-02 
 5.199E-08  2.882E-02 
 5.199E-08  2.869E-02 
 5.200E-08  2.814E-02 
 5.201E-08  2.768E-02 
 5.201E-08  2.748E-02 
 5.202E-08  2.723E-02 
 5.203E-08  2.704E-02 
 5.203E-08  2.689E-02 
 5.203E-08  2.674E-02 
 5.204E-08  2.661E-02 
 5.204E-08  2.656E-02 
 5.205E-08  2.656E-02 
 5.205E-08  2.656E-02 
 5.205E-08  2.658E-02 
 5.205E-08  2.663E-02 
 5.205E-08  2.667E-02 
 5.206E-08  2.666E-02 
 5.206E-08  2.661E-02 
 5.206E-08  2.652E-02 
 5.207E-08  2.618E-02 
 5.208E-08  2.541E-02 
 5.209E-08  2.510E-02 
 5.209E-08  2.490E-02 
 5.210E-08  2.472E-02 
 5.211E-08  2.443E-02 
 5.211E-08  2.431E-02 
 5.212E-08  2.422E-02 
 5.212E-08  2.417E-02 
 5.212E-08  2.416E-02 
 5.212E-08  2.417E-02 
 5.213E-08  2.422E-02 
 5.213E-08  2.427E-02 
 5.213E-08  2.427E-02 
 5.213E-08  2.425E-02 
 5.213E-08  2.418E-02 
 5.214E-08  2.402E-02 
 5.215E-08  2.354E-02 
 5.215E-08  2.334E-02 
 5.216E-08  2.290E-02 
 5.217E-08  2.253E-02 
 5.218E-08  2.236E-02 
 5.218E-08  2.210E-02 
 5.219E-08  2.197E-02 
 5.219E-08  2.185E-02 
 5.220E-08  2.177E-02 
 5.220E-08  2.176E-02 
 5.220E-08  2.177E-02 
 5.220E-08  2.181E-02 
 5.221E-08  2.186E-02 
 5.221E-08  2.187E-02 
 5.221E-08  2.185E-02 
 5.221E-08  2.177E-02 
 5.222E-08  2.159E-02 
 5.222E-08  2.145E-02 
 5.223E-08  2.091E-02 
 5.224E-08  2.050E-02 
 5.224E-08  2.030E-02 
 5.225E-08  2.009E-02 
 5.225E-08  1.991E-02 
 5.226E-08  1.960E-02 
 5.227E-08  1.948E-02 
 5.227E-08  1.939E-02 
 5.227E-08  1.935E-02 
 5.228E-08  1.935E-02 
 5.228E-08  1.936E-02 
 5.228E-08  1.944E-02 
 5.228E-08  1.946E-02 
 5.228E-08  1.946E-02 
 5.229E-08  1.944E-02 
 5.229E-08  1.937E-02 
 5.229E-08  1.920E-02 
 5.230E-08  1.871E-02 
 5.231E-08  1.850E-02 
 5.232E-08  1.807E-02 
 5.232E-08  1.788E-02 
 5.233E-08  1.767E-02 
 5.233E-08  1.749E-02 
 5.234E-08  1.719E-02 
 5.234E-08  1.707E-02 
 5.235E-08  1.699E-02 
 5.235E-08  1.694E-02 
 5.235E-08  1.695E-02 
 5.236E-08  1.697E-02 
 5.236E-08  1.705E-02 
 5.236E-08  1.706E-02 
 5.236E-08  1.705E-02 
 5.236E-08  1.700E-02 
 5.237E-08  1.686E-02 
 5.237E-08  1.675E-02 
 5.238E-08  1.623E-02 
 5.238E-08  1.601E-02 
 5.239E-08  1.558E-02 
 5.240E-08  1.539E-02 
 5.240E-08  1.517E-02 
 5.241E-08  1.501E-02 
 5.241E-08  1.489E-02 
 5.242E-08  1.475E-02 
 5.242E-08  1.463E-02 
 5.243E-08  1.455E-02 
 5.243E-08  1.454E-02 
 5.243E-08  1.455E-02 
 5.243E-08  1.460E-02 
 5.244E-08  1.464E-02 
 5.244E-08  1.465E-02 
 5.244E-08  1.463E-02 
 5.244E-08  1.456E-02 
 5.245E-08  1.438E-02 
 5.245E-08  1.424E-02 
 5.246E-08  1.369E-02 
 5.247E-08  1.325E-02 
 5.247E-08  1.305E-02 
 5.248E-08  1.270E-02 
 5.249E-08  1.239E-02 
 5.250E-08  1.227E-02 
 5.250E-08  1.218E-02 
 5.250E-08  1.214E-02 
 5.251E-08  1.214E-02 
 5.251E-08  1.217E-02 
 5.251E-08  1.224E-02 
 5.251E-08  1.225E-02 
 5.252E-08  1.224E-02 
 5.252E-08  1.219E-02 
 5.252E-08  1.205E-02 
 5.252E-08  1.193E-02 
 5.254E-08  1.125E-02 
 5.254E-08  1.107E-02 
 5.254E-08  1.088E-02 
 5.255E-08  1.068E-02 
 5.256E-08  1.032E-02 
 5.257E-08  1.006E-02 
 5.257E-08  9.941E-03 
 5.258E-08  9.820E-03 
 5.258E-08  9.750E-03 
 5.258E-08  9.736E-03 
 5.258E-08  9.745E-03 
 5.259E-08  9.791E-03 
 5.259E-08  9.835E-03 
 5.259E-08  9.849E-03 
 5.259E-08  9.834E-03 
 5.259E-08  9.782E-03 
 5.260E-08  9.608E-03 
 5.260E-08  9.487E-03 
 5.261E-08  8.827E-03 
 5.262E-08  8.718E-03 
 5.262E-08  8.384E-03 
 5.263E-08  8.249E-03 
 5.263E-08  8.082E-03 
 5.264E-08  7.883E-03 
 5.265E-08  7.588E-03 
 5.265E-08  7.472E-03 
 5.265E-08  7.389E-03 
 5.266E-08  7.342E-03 
 5.266E-08  7.341E-03 
 5.266E-08  7.361E-03 
 5.267E-08  7.453E-03 
 5.267E-08  7.444E-03 
 5.267E-08  7.387E-03 
 5.267E-08  7.229E-03 
 5.268E-08  7.108E-03 
 5.269E-08  6.475E-03 
 5.269E-08  6.361E-03 
 5.270E-08  6.023E-03 
 5.270E-08  5.897E-03 
 5.271E-08  5.707E-03 
 5.271E-08  5.533E-03 
 5.272E-08  5.248E-03 
 5.272E-08  5.121E-03 
 5.273E-08  5.017E-03 
 5.273E-08  4.949E-03 
 5.273E-08  4.938E-03 
 5.274E-08  4.949E-03 
 5.274E-08  5.027E-03 
 5.274E-08  5.051E-03 
 5.275E-08  5.032E-03 
 5.275E-08  4.969E-03 
 5.275E-08  4.790E-03 
 5.275E-08  4.662E-03 
 5.276E-08  4.164E-03 
 5.277E-08  3.680E-03 
 5.278E-08  3.504E-03 
 5.279E-08  3.164E-03 
 5.279E-08  2.907E-03 
 5.280E-08  2.774E-03 
 5.280E-08  2.662E-03 
 5.281E-08  2.563E-03 
 5.281E-08  2.543E-03 
 5.281E-08  2.539E-03 
 5.281E-08  2.544E-03 
 5.282E-08  2.632E-03 
 5.282E-08  2.648E-03 
 5.282E-08  2.652E-03 
 5.282E-08  2.627E-03 
 5.282E-08  2.560E-03 
 5.283E-08  2.395E-03 
 5.283E-08  2.256E-03 
 5.284E-08  1.707E-03 
 5.285E-08  1.274E-03 
 5.286E-08  1.080E-03 
 5.286E-08  8.863E-04 
 5.286E-08  7.109E-04 
 5.287E-08  4.537E-04 
 5.288E-08  3.330E-04 
 5.288E-08  2.093E-04 
 5.289E-08  1.426E-04 
 5.289E-08  1.309E-04 
 5.289E-08  1.413E-04 
 5.290E-08  2.352E-04 
 5.290E-08  2.354E-04 
 5.290E-08  2.072E-04 
 5.290E-08  1.352E-04 
 5.290E-08 -5.090E-05 
 5.292E-08 -5.606E-04 
 5.292E-08 -9.945E-04 
 5.293E-08 -1.218E-03 
 5.293E-08 -1.409E-03 
 5.294E-08 -1.642E-03 
 5.295E-08 -1.922E-03 
 5.295E-08 -2.056E-03 
 5.296E-08 -2.177E-03 
 5.296E-08 -2.258E-03 
 5.296E-08 -2.275E-03 
 5.297E-08 -2.264E-03 
 5.297E-08 -2.212E-03 
 5.297E-08 -2.171E-03 
 5.297E-08 -2.173E-03 
 5.298E-08 -2.201E-03 
 5.298E-08 -2.273E-03 
 5.298E-08 -2.443E-03 
 5.298E-08 -2.590E-03 
 5.299E-08 -3.102E-03 
 5.300E-08 -3.529E-03 
 5.301E-08 -3.729E-03 
 5.301E-08 -3.932E-03 
 5.302E-08 -4.109E-03 
 5.303E-08 -4.419E-03 
 5.303E-08 -4.541E-03 
 5.304E-08 -4.628E-03 
 5.304E-08 -4.675E-03 
 5.304E-08 -4.673E-03 
 5.304E-08 -4.647E-03 
 5.305E-08 -4.568E-03 
 5.305E-08 -4.563E-03 
 5.305E-08 -4.574E-03 
 5.305E-08 -4.623E-03 
 5.306E-08 -4.763E-03 
 5.306E-08 -4.886E-03 
 5.307E-08 -5.543E-03 
 5.308E-08 -5.704E-03 
 5.308E-08 -5.901E-03 
 5.308E-08 -6.112E-03 
 5.309E-08 -6.303E-03 
 5.309E-08 -6.461E-03 
 5.310E-08 -6.733E-03 
 5.311E-08 -6.861E-03 
 5.311E-08 -6.979E-03 
 5.311E-08 -7.057E-03 
 5.312E-08 -7.074E-03 
 5.312E-08 -7.066E-03 
 5.312E-08 -7.019E-03 
 5.312E-08 -6.975E-03 
 5.313E-08 -6.961E-03 
 5.313E-08 -6.977E-03 
 5.313E-08 -7.034E-03 
 5.313E-08 -7.211E-03 
 5.314E-08 -7.332E-03 
 5.315E-08 -7.828E-03 
 5.316E-08 -8.265E-03 
 5.316E-08 -8.647E-03 
 5.317E-08 -8.792E-03 
 5.317E-08 -8.951E-03 
 5.318E-08 -9.214E-03 
 5.318E-08 -9.330E-03 
 5.319E-08 -9.413E-03 
 5.319E-08 -9.463E-03 
 5.319E-08 -9.470E-03 
 5.320E-08 -9.456E-03 
 5.320E-08 -9.355E-03 
 5.320E-08 -9.386E-03 
 5.321E-08 -9.470E-03 
 5.321E-08 -9.559E-03 
 5.321E-08 -9.672E-03 
 5.322E-08 -1.000E-02 
 5.322E-08 -1.022E-02 
 5.323E-08 -1.063E-02 
 5.324E-08 -1.085E-02 
 5.324E-08 -1.103E-02 
 5.325E-08 -1.121E-02 
 5.325E-08 -1.150E-02 
 5.326E-08 -1.164E-02 
 5.326E-08 -1.176E-02 
 5.327E-08 -1.185E-02 
 5.327E-08 -1.187E-02 
 5.327E-08 -1.186E-02 
 5.328E-08 -1.181E-02 
 5.328E-08 -1.177E-02 
 5.328E-08 -1.176E-02 
 5.328E-08 -1.178E-02 
 5.328E-08 -1.185E-02 
 5.329E-08 -1.205E-02 
 5.329E-08 -1.220E-02 
 5.330E-08 -1.255E-02 
 5.331E-08 -1.299E-02 
 5.332E-08 -1.341E-02 
 5.332E-08 -1.364E-02 
 5.333E-08 -1.389E-02 
 5.333E-08 -1.402E-02 
 5.334E-08 -1.414E-02 
 5.334E-08 -1.423E-02 
 5.335E-08 -1.427E-02 
 5.335E-08 -1.426E-02 
 5.335E-08 -1.423E-02 
 5.336E-08 -1.416E-02 
 5.336E-08 -1.416E-02 
 5.336E-08 -1.419E-02 
 5.336E-08 -1.424E-02 
 5.336E-08 -1.431E-02 
 5.336E-08 -1.440E-02 
 5.337E-08 -1.468E-02 
 5.338E-08 -1.516E-02 
 5.339E-08 -1.561E-02 
 5.339E-08 -1.575E-02 
 5.340E-08 -1.592E-02 
 5.340E-08 -1.611E-02 
 5.341E-08 -1.636E-02 
 5.341E-08 -1.646E-02 
 5.342E-08 -1.657E-02 
 5.342E-08 -1.664E-02 
 5.342E-08 -1.666E-02 
 5.343E-08 -1.666E-02 
 5.343E-08 -1.660E-02 
 5.343E-08 -1.655E-02 
 5.343E-08 -1.655E-02 
 5.343E-08 -1.658E-02 
 5.344E-08 -1.665E-02 
 5.344E-08 -1.680E-02 
 5.344E-08 -1.694E-02 
 5.345E-08 -1.745E-02 
 5.346E-08 -1.786E-02 
 5.347E-08 -1.823E-02 
 5.347E-08 -1.838E-02 
 5.348E-08 -1.854E-02 
 5.349E-08 -1.880E-02 
 5.349E-08 -1.891E-02 
 5.349E-08 -1.900E-02 
 5.350E-08 -1.905E-02 
 5.350E-08 -1.906E-02 
 5.350E-08 -1.905E-02 
 5.351E-08 -1.900E-02 
 5.351E-08 -1.895E-02 
 5.351E-08 -1.895E-02 
 5.351E-08 -1.898E-02 
 5.351E-08 -1.904E-02 
 5.351E-08 -1.912E-02 
 5.352E-08 -1.922E-02 
 5.352E-08 -1.937E-02 
 5.353E-08 -1.991E-02 
 5.354E-08 -2.034E-02 
 5.354E-08 -2.054E-02 
 5.355E-08 -2.077E-02 
 5.356E-08 -2.096E-02 
 5.356E-08 -2.126E-02 
 5.357E-08 -2.138E-02 
 5.357E-08 -2.145E-02 
 5.358E-08 -2.147E-02 
 5.358E-08 -2.146E-02 
 5.358E-08 -2.137E-02 
 5.359E-08 -2.137E-02 
 5.359E-08 -2.139E-02 
 5.359E-08 -2.146E-02 
 5.359E-08 -2.163E-02 
 5.360E-08 -2.210E-02 
 5.361E-08 -2.231E-02 
 5.362E-08 -2.272E-02 
 5.362E-08 -2.292E-02 
 5.363E-08 -2.313E-02 
 5.363E-08 -2.330E-02 
 5.364E-08 -2.362E-02 
 5.364E-08 -2.374E-02 
 5.365E-08 -2.383E-02 
 5.365E-08 -2.386E-02 
 5.365E-08 -2.387E-02 
 5.365E-08 -2.386E-02 
 5.366E-08 -2.378E-02 
 5.366E-08 -2.376E-02 
 5.366E-08 -2.376E-02 
 5.366E-08 -2.378E-02 
 5.367E-08 -2.384E-02 
 5.367E-08 -2.400E-02 
 5.368E-08 -2.448E-02 
 5.368E-08 -2.468E-02 
 5.369E-08 -2.512E-02 
 5.370E-08 -2.532E-02 
 5.371E-08 -2.568E-02 
 5.371E-08 -2.593E-02 
 5.372E-08 -2.606E-02 
 5.372E-08 -2.617E-02 
 5.373E-08 -2.625E-02 
 5.373E-08 -2.627E-02 
 5.373E-08 -2.626E-02 
 5.373E-08 -2.621E-02 
 5.374E-08 -2.617E-02 
 5.374E-08 -2.615E-02 
 5.374E-08 -2.617E-02 
 5.374E-08 -2.621E-02 
 5.374E-08 -2.630E-02 
 5.375E-08 -2.651E-02 
 5.375E-08 -2.667E-02 
 5.376E-08 -2.719E-02 
 5.376E-08 -2.730E-02 
 5.377E-08 -2.767E-02 
 5.378E-08 -2.799E-02 
 5.379E-08 -2.827E-02 
 5.379E-08 -2.841E-02 
 5.380E-08 -2.852E-02 
 5.380E-08 -2.860E-02 
 5.380E-08 -2.866E-02 
 5.381E-08 -2.866E-02 
 5.381E-08 -2.865E-02 
 5.382E-08 -2.855E-02 
 5.382E-08 -2.858E-02 
 5.382E-08 -2.866E-02 
 5.382E-08 -2.886E-02 
 5.383E-08 -2.940E-02 
 5.384E-08 -2.981E-02 
 5.385E-08 -3.003E-02 
 5.385E-08 -3.021E-02 
 5.386E-08 -3.040E-02 
 5.387E-08 -3.069E-02 
 5.387E-08 -3.084E-02 
 5.388E-08 -3.096E-02 
 5.388E-08 -3.104E-02 
 5.388E-08 -3.106E-02 
 5.389E-08 -3.105E-02 
 5.389E-08 -3.100E-02 
 5.389E-08 -3.096E-02 
 5.389E-08 -3.096E-02 
 5.389E-08 -3.099E-02 
 5.390E-08 -3.106E-02 
 5.390E-08 -3.123E-02 
 5.390E-08 -3.138E-02 
 5.391E-08 -3.191E-02 
 5.392E-08 -3.231E-02 
 5.393E-08 -3.251E-02 
 5.393E-08 -3.272E-02 
 5.394E-08 -3.290E-02 
 5.395E-08 -3.321E-02 
 5.395E-08 -3.334E-02 
 5.395E-08 -3.342E-02 
 5.396E-08 -3.346E-02 
 5.396E-08 -3.347E-02 
 5.396E-08 -3.345E-02 
 5.397E-08 -3.335E-02 
 5.397E-08 -3.335E-02 
 5.397E-08 -3.339E-02 
 5.397E-08 -3.346E-02 
 5.398E-08 -3.367E-02 
 5.399E-08 -3.422E-02 
 5.400E-08 -3.460E-02 
 5.400E-08 -3.483E-02 
 5.401E-08 -3.502E-02 
 5.401E-08 -3.522E-02 
 5.402E-08 -3.551E-02 
 5.402E-08 -3.565E-02 
 5.403E-08 -3.577E-02 
 5.403E-08 -3.585E-02 
 5.404E-08 -3.586E-02 
 5.404E-08 -3.586E-02 
 5.404E-08 -3.580E-02 
 5.404E-08 -3.575E-02 
 5.405E-08 -3.575E-02 
 5.405E-08 -3.578E-02 
 5.405E-08 -3.585E-02 
 5.405E-08 -3.602E-02 
 5.406E-08 -3.616E-02 
 5.407E-08 -3.670E-02 
 5.408E-08 -3.713E-02 
 5.408E-08 -3.732E-02 
 5.409E-08 -3.754E-02 
 5.409E-08 -3.772E-02 
 5.410E-08 -3.802E-02 
 5.410E-08 -3.813E-02 
 5.411E-08 -3.822E-02 
 5.411E-08 -3.826E-02 
 5.411E-08 -3.826E-02 
 5.412E-08 -3.824E-02 
 5.412E-08 -3.816E-02 
 5.412E-08 -3.815E-02 
 5.412E-08 -3.816E-02 
 5.412E-08 -3.821E-02 
 5.413E-08 -3.834E-02 
 5.413E-08 -3.846E-02 
 5.414E-08 -3.913E-02 
 5.415E-08 -3.931E-02 
 5.415E-08 -3.951E-02 
 5.416E-08 -3.971E-02 
 5.417E-08 -4.008E-02 
 5.417E-08 -4.034E-02 
 5.418E-08 -4.047E-02 
 5.418E-08 -4.059E-02 
 5.419E-08 -4.065E-02 
 5.419E-08 -4.066E-02 
 5.419E-08 -4.066E-02 
 5.419E-08 -4.060E-02 
 5.420E-08 -4.055E-02 
 5.420E-08 -4.055E-02 
 5.420E-08 -4.058E-02 
 5.420E-08 -4.064E-02 
 5.420E-08 -4.071E-02 
 5.421E-08 -4.080E-02 
 5.421E-08 -4.093E-02 
 5.422E-08 -4.147E-02 
 5.423E-08 -4.190E-02 
 5.423E-08 -4.210E-02 
 5.424E-08 -4.246E-02 
 5.425E-08 -4.273E-02 
 5.425E-08 -4.285E-02 
 5.426E-08 -4.297E-02 
 5.426E-08 -4.305E-02 
 5.427E-08 -4.306E-02 
 5.427E-08 -4.305E-02 
 5.427E-08 -4.300E-02 
 5.427E-08 -4.296E-02 
 5.428E-08 -4.296E-02 
 5.428E-08 -4.298E-02 
 5.428E-08 -4.306E-02 
 5.428E-08 -4.322E-02 
 5.429E-08 -4.337E-02 
 5.430E-08 -4.392E-02 
 5.431E-08 -4.435E-02 
 5.431E-08 -4.455E-02 
 5.432E-08 -4.491E-02 
 5.433E-08 -4.521E-02 
 5.433E-08 -4.533E-02 
 5.434E-08 -4.542E-02 
 5.434E-08 -4.546E-02 
 5.434E-08 -4.547E-02 
 5.434E-08 -4.545E-02 
 5.435E-08 -4.535E-02 
 5.435E-08 -4.538E-02 
 5.436E-08 -4.545E-02 
 5.436E-08 -4.561E-02 
 5.437E-08 -4.609E-02 
 5.437E-08 -4.629E-02 
 5.438E-08 -4.672E-02 
 5.439E-08 -4.691E-02 
 5.440E-08 -4.728E-02 
 5.440E-08 -4.754E-02 
 5.441E-08 -4.766E-02 
 5.441E-08 -4.778E-02 
 5.442E-08 -4.785E-02 
 5.442E-08 -4.787E-02 
 5.442E-08 -4.786E-02 
 5.442E-08 -4.781E-02 
 5.443E-08 -4.777E-02 
 5.443E-08 -4.775E-02 
 5.443E-08 -4.777E-02 
 5.443E-08 -4.783E-02 
 5.444E-08 -4.801E-02 
 5.444E-08 -4.813E-02 
 5.445E-08 -4.865E-02 
 5.446E-08 -4.912E-02 
 5.446E-08 -4.928E-02 
 5.447E-08 -4.948E-02 
 5.447E-08 -4.965E-02 
 5.448E-08 -4.991E-02 
 5.448E-08 -5.003E-02 
 5.449E-08 -5.015E-02 
 5.449E-08 -5.023E-02 
 5.449E-08 -5.025E-02 
 5.449E-08 -5.026E-02 
 5.450E-08 -5.025E-02 
 5.450E-08 -5.019E-02 
 5.450E-08 -5.015E-02 
 5.450E-08 -5.015E-02 
 5.451E-08 -5.017E-02 
 5.451E-08 -5.024E-02 
 5.451E-08 -5.039E-02 
 5.452E-08 -5.067E-02 
 5.453E-08 -5.118E-02 
 5.454E-08 -5.171E-02 
 5.455E-08 -5.193E-02 
 5.455E-08 -5.211E-02 
 5.455E-08 -5.226E-02 
 5.456E-08 -5.240E-02 
 5.456E-08 -5.251E-02 
 5.457E-08 -5.259E-02 
 5.457E-08 -5.264E-02 
 5.457E-08 -5.264E-02 
 5.458E-08 -5.262E-02 
 5.458E-08 -5.253E-02 
 5.458E-08 -5.253E-02 
 5.458E-08 -5.257E-02 
 5.459E-08 -5.264E-02 
 5.459E-08 -5.283E-02 
 5.460E-08 -5.338E-02 
 5.461E-08 -5.380E-02 
 5.461E-08 -5.403E-02 
 5.462E-08 -5.421E-02 
 5.462E-08 -5.439E-02 
 5.463E-08 -5.468E-02 
 5.464E-08 -5.482E-02 
 5.464E-08 -5.494E-02 
 5.465E-08 -5.501E-02 
 5.465E-08 -5.502E-02 
 5.465E-08 -5.501E-02 
 5.466E-08 -5.492E-02 
 5.466E-08 -5.492E-02 
 5.466E-08 -5.496E-02 
 5.466E-08 -5.506E-02 
 5.467E-08 -5.525E-02 
 5.468E-08 -5.590E-02 
 5.469E-08 -5.618E-02 
 5.469E-08 -5.636E-02 
 5.470E-08 -5.665E-02 
 5.470E-08 -5.685E-02 
 5.471E-08 -5.715E-02 
 5.472E-08 -5.726E-02 
 5.472E-08 -5.734E-02 
 5.472E-08 -5.739E-02 
 5.473E-08 -5.739E-02 
 5.473E-08 -5.737E-02 
 5.473E-08 -5.728E-02 
 5.473E-08 -5.728E-02 
 5.474E-08 -5.733E-02 
 5.474E-08 -5.748E-02 
 5.474E-08 -5.759E-02 
 5.475E-08 -5.813E-02 
 5.476E-08 -5.835E-02 
 5.477E-08 -5.876E-02 
 5.477E-08 -5.894E-02 
 5.478E-08 -5.911E-02 
 5.478E-08 -5.940E-02 
 5.479E-08 -5.955E-02 
 5.479E-08 -5.966E-02 
 5.480E-08 -5.975E-02 
 5.480E-08 -5.977E-02 
 5.480E-08 -5.976E-02 
 5.481E-08 -5.970E-02 
 5.481E-08 -5.966E-02 
 5.481E-08 -5.966E-02 
 5.481E-08 -5.969E-02 
 5.481E-08 -5.976E-02 
 5.482E-08 -5.992E-02 
 5.482E-08 -6.006E-02 
 5.483E-08 -6.062E-02 
 5.484E-08 -6.105E-02 
 5.485E-08 -6.124E-02 
 5.485E-08 -6.144E-02 
 5.486E-08 -6.161E-02 
 5.487E-08 -6.190E-02 
 5.487E-08 -6.202E-02 
 5.487E-08 -6.210E-02 
 5.488E-08 -6.213E-02 
 5.488E-08 -6.214E-02 
 5.488E-08 -6.214E-02 
 5.489E-08 -6.205E-02 
 5.489E-08 -6.203E-02 
 5.489E-08 -6.203E-02 
 5.489E-08 -6.205E-02 
 5.489E-08 -6.211E-02 
 5.489E-08 -6.226E-02 
 5.490E-08 -6.269E-02 
 5.491E-08 -6.308E-02 
 5.492E-08 -6.346E-02 
 5.492E-08 -6.363E-02 
 5.493E-08 -6.384E-02 
 5.494E-08 -6.412E-02 
 5.494E-08 -6.425E-02 
 5.495E-08 -6.437E-02 
 5.495E-08 -6.445E-02 
 5.495E-08 -6.450E-02 
 5.495E-08 -6.451E-02 
 5.496E-08 -6.450E-02 
 5.496E-08 -6.445E-02 
 5.496E-08 -6.440E-02 
 5.496E-08 -6.440E-02 
 5.497E-08 -6.442E-02 
 5.497E-08 -6.449E-02 
 5.497E-08 -6.456E-02 
 5.497E-08 -6.465E-02 
 5.497E-08 -6.479E-02 
 5.499E-08 -6.533E-02 
 5.499E-08 -6.576E-02 
 5.500E-08 -6.596E-02 
 5.500E-08 -6.617E-02 
 5.501E-08 -6.635E-02 
 5.502E-08 -6.666E-02 
 5.502E-08 -6.678E-02 
 5.503E-08 -6.686E-02 
 5.503E-08 -6.689E-02 
 5.503E-08 -6.689E-02 
 5.503E-08 -6.688E-02 
 5.504E-08 -6.683E-02 
 5.504E-08 -6.678E-02 
 5.504E-08 -6.678E-02 
 5.504E-08 -6.680E-02 
 5.504E-08 -6.687E-02 
 5.505E-08 -6.703E-02 
 5.506E-08 -6.751E-02 
 5.506E-08 -6.772E-02 
 5.507E-08 -6.815E-02 
 5.508E-08 -6.834E-02 
 5.508E-08 -6.857E-02 
 5.508E-08 -6.868E-02 
 5.509E-08 -6.881E-02 
 5.509E-08 -6.889E-02 
 5.510E-08 -6.892E-02 
 5.510E-08 -6.893E-02 
 5.510E-08 -6.892E-02 
 5.510E-08 -6.889E-02 
 5.510E-08 -6.885E-02 
 5.510E-08 -6.875E-02 
 5.511E-08 -6.871E-02 
 5.511E-08 -6.869E-02 
 5.511E-08 -6.871E-02 
 5.511E-08 -6.876E-02 
 5.511E-08 -6.889E-02 
 5.512E-08 -6.920E-02 
 5.513E-08 -6.981E-02 
 5.514E-08 -7.021E-02 
 5.515E-08 -7.076E-02 
 5.517E-08 -7.149E-02 
 5.520E-08 -7.251E-02 
 5.525E-08 -7.367E-02 
 5.532E-08 -7.459E-02 
 5.541E-08 -7.523E-02 
 5.557E-08 -7.562E-02 
 5.578E-08 -7.581E-02 
 5.608E-08 -7.599E-02 
 5.657E-08 -7.623E-02 
 5.724E-08 -7.647E-02 
 5.820E-08 -7.669E-02 
 5.974E-08 -7.686E-02 
 6.191E-08 -7.695E-02 
 6.501E-08 -7.698E-02 
 9.104E-08 -7.706E-02 
 1.152E-07 -7.709E-02 
 1.502E-07 -7.711E-02 
 1.503E-07 -7.710E-02 
 1.503E-07 -7.709E-02 
 1.503E-07 -7.710E-02 
 1.503E-07 -7.713E-02 
 1.503E-07 -7.719E-02 
 1.503E-07 -7.726E-02 
 1.503E-07 -7.733E-02 
 1.503E-07 -7.749E-02 
 1.503E-07 -7.754E-02 
 1.503E-07 -7.762E-02 
 1.503E-07 -7.774E-02 
 1.503E-07 -7.795E-02 
 1.503E-07 -7.800E-02 
 1.503E-07 -7.801E-02 
 1.503E-07 -7.799E-02 
 1.503E-07 -7.796E-02 
 1.503E-07 -7.789E-02 
 1.503E-07 -7.777E-02 
 1.503E-07 -7.760E-02 
 1.503E-07 -7.739E-02 
 1.503E-07 -7.708E-02 
 1.504E-07 -7.674E-02 
 1.504E-07 -7.628E-02 
 1.504E-07 -7.581E-02 
 1.505E-07 -7.537E-02 
 1.506E-07 -7.497E-02 
 1.507E-07 -7.471E-02 
 1.510E-07 -7.468E-02 
 1.513E-07 -7.468E-02 
 1.526E-07 -7.465E-02 
 1.537E-07 -7.465E-02 
 1.554E-07 -7.466E-02 
 1.578E-07 -7.465E-02 
 1.612E-07 -7.466E-02 
 2.429E-07 -7.467E-02 
 2.502E-07 -7.467E-02 
 2.502E-07 -7.465E-02 
 2.503E-07 -7.467E-02 
 2.503E-07 -7.469E-02 
 2.503E-07 -7.473E-02 
 2.503E-07 -7.483E-02 
 2.503E-07 -7.502E-02 
 2.503E-07 -7.509E-02 
 2.503E-07 -7.515E-02 
 2.503E-07 -7.525E-02 
 2.503E-07 -7.549E-02 
 2.503E-07 -7.555E-02 
 2.503E-07 -7.558E-02 
 2.503E-07 -7.559E-02 
 2.503E-07 -7.557E-02 
 2.503E-07 -7.553E-02 
 2.503E-07 -7.546E-02 
 2.503E-07 -7.535E-02 
 2.503E-07 -7.516E-02 
 2.503E-07 -7.494E-02 
 2.503E-07 -7.467E-02 
 2.504E-07 -7.429E-02 
 2.504E-07 -7.385E-02 
 2.504E-07 -7.343E-02 
 2.505E-07 -7.300E-02 
 2.505E-07 -7.260E-02 
 2.507E-07 -7.231E-02 
 2.509E-07 -7.223E-02 
 2.512E-07 -7.224E-02 
 2.529E-07 -7.221E-02 
 2.542E-07 -7.222E-02 
 2.560E-07 -7.221E-02 
 2.586E-07 -7.222E-02 
 2.682E-07 -7.222E-02 
 3.034E-07 -7.223E-02 
 3.353E-07 -7.222E-02 
 3.502E-07 -7.222E-02 
 3.502E-07 -7.220E-02 
 3.502E-07 -7.221E-02 
 3.503E-07 -7.222E-02 
 3.503E-07 -7.221E-02 
 3.503E-07 -7.222E-02 
 3.503E-07 -7.224E-02 
 3.503E-07 -7.229E-02 
 3.503E-07 -7.234E-02 
 3.503E-07 -7.249E-02 
 3.503E-07 -7.255E-02 
 3.503E-07 -7.264E-02 
 3.503E-07 -7.276E-02 
 3.503E-07 -7.287E-02 
 3.503E-07 -7.306E-02 
 3.503E-07 -7.313E-02 
 3.503E-07 -7.314E-02 
 3.503E-07 -7.314E-02 
 3.503E-07 -7.313E-02 
 3.503E-07 -7.309E-02 
 3.503E-07 -7.302E-02 
 3.503E-07 -7.290E-02 
 3.503E-07 -7.223E-02 
 3.504E-07 -7.184E-02 
 3.504E-07 -7.136E-02 
 3.504E-07 -7.092E-02 
 3.505E-07 -7.051E-02 
 3.505E-07 -7.011E-02 
 3.507E-07 -6.983E-02 
 3.509E-07 -6.979E-02 
 3.513E-07 -6.980E-02 
 3.524E-07 -6.977E-02 
 3.534E-07 -6.977E-02 
 3.549E-07 -6.977E-02 
 3.570E-07 -6.977E-02 
 3.600E-07 -6.978E-02 
 3.803E-07 -6.977E-02 
 4.400E-07 -6.979E-02 
 4.502E-07 -6.978E-02 
 4.502E-07 -6.976E-02 
 4.502E-07 -6.977E-02 
 4.503E-07 -6.978E-02 
 4.503E-07 -6.978E-02 
 4.503E-07 -6.979E-02 
 4.503E-07 -6.982E-02 
 4.503E-07 -6.994E-02 
 4.503E-07 -6.999E-02 
 4.503E-07 -7.009E-02 
 4.503E-07 -7.017E-02 
 4.503E-07 -7.027E-02 
 4.503E-07 -7.037E-02 
 4.503E-07 -7.047E-02 
 4.503E-07 -7.056E-02 
 4.503E-07 -7.064E-02 
 4.503E-07 -7.068E-02 
 4.503E-07 -7.070E-02 
 4.503E-07 -7.069E-02 
 4.503E-07 -7.068E-02 
 4.503E-07 -7.064E-02 
 4.503E-07 -7.057E-02 
 4.503E-07 -7.047E-02 
 4.503E-07 -6.980E-02 
 4.504E-07 -6.942E-02 
 4.504E-07 -6.899E-02 
 4.504E-07 -6.859E-02 
 4.505E-07 -6.818E-02 
 4.505E-07 -6.778E-02 
 4.506E-07 -6.748E-02 
 4.508E-07 -6.735E-02 
 4.515E-07 -6.736E-02 
 4.529E-07 -6.732E-02 
 4.560E-07 -6.733E-02 
 4.622E-07 -6.733E-02 
 4.679E-07 -6.733E-02 
 5.353E-07 -6.734E-02 
 5.502E-07 -6.734E-02 
 5.502E-07 -6.732E-02 
 5.503E-07 -6.733E-02 
 5.503E-07 -6.733E-02 
 5.503E-07 -6.734E-02 
 5.503E-07 -6.737E-02 
 5.503E-07 -6.748E-02 
 5.503E-07 -6.765E-02 
 5.503E-07 -6.775E-02 
 5.503E-07 -6.786E-02 
 5.503E-07 -6.796E-02 
 5.503E-07 -6.816E-02 
 5.503E-07 -6.823E-02 
 5.503E-07 -6.825E-02 
 5.503E-07 -6.825E-02 
 5.503E-07 -6.824E-02 
 5.503E-07 -6.820E-02 
 5.503E-07 -6.814E-02 
 5.503E-07 -6.803E-02 
 5.503E-07 -6.763E-02 
 5.503E-07 -6.739E-02 
 5.504E-07 -6.702E-02 
 5.504E-07 -6.657E-02 
 5.504E-07 -6.613E-02 
 5.505E-07 -6.567E-02 
 5.505E-07 -6.527E-02 
 5.507E-07 -6.498E-02 
 5.509E-07 -6.491E-02 
 5.512E-07 -6.492E-02 
 5.522E-07 -6.490E-02 
 5.531E-07 -6.488E-02 
 5.544E-07 -6.489E-02 
 5.564E-07 -6.488E-02 
 5.592E-07 -6.489E-02 
 5.693E-07 -6.489E-02 
 6.211E-07 -6.489E-02 
 6.459E-07 -6.489E-02 
 6.502E-07 -6.489E-02 
 6.502E-07 -6.488E-02 
 6.502E-07 -6.488E-02 
 6.503E-07 -6.490E-02 
 6.503E-07 -6.490E-02 
 6.503E-07 -6.491E-02 
 6.503E-07 -6.495E-02 
 6.503E-07 -6.508E-02 
 6.503E-07 -6.524E-02 
 6.503E-07 -6.529E-02 
 6.503E-07 -6.536E-02 
 6.503E-07 -6.547E-02 
 6.503E-07 -6.571E-02 
 6.503E-07 -6.578E-02 
 6.503E-07 -6.580E-02 
 6.503E-07 -6.581E-02 
 6.503E-07 -6.578E-02 
 6.503E-07 -6.575E-02 
 6.503E-07 -6.567E-02 
 6.503E-07 -6.555E-02 
 6.503E-07 -6.536E-02 
 6.503E-07 -6.514E-02 
 6.503E-07 -6.486E-02 
 6.504E-07 -6.447E-02 
 6.504E-07 -6.403E-02 
 6.504E-07 -6.362E-02 
 6.505E-07 -6.319E-02 
 6.505E-07 -6.280E-02 
 6.507E-07 -6.253E-02 
 6.509E-07 -6.247E-02 
 6.512E-07 -6.247E-02 
 6.531E-07 -6.244E-02 
 6.543E-07 -6.244E-02 
 6.563E-07 -6.244E-02 
 6.590E-07 -6.244E-02 
 6.689E-07 -6.244E-02 
 7.187E-07 -6.245E-02 
 7.502E-07 -6.244E-02 
 7.502E-07 -6.242E-02 
 7.502E-07 -6.243E-02 
 7.503E-07 -6.244E-02 
 7.503E-07 -6.244E-02 
 7.503E-07 -6.244E-02 
 7.503E-07 -6.246E-02 
 7.503E-07 -6.251E-02 
 7.503E-07 -6.257E-02 
 7.503E-07 -6.272E-02 
 7.503E-07 -6.284E-02 
 7.503E-07 -6.293E-02 
 7.503E-07 -6.302E-02 
 7.503E-07 -6.311E-02 
 7.503E-07 -6.327E-02 
 7.503E-07 -6.333E-02 
 7.503E-07 -6.336E-02 
 7.503E-07 -6.336E-02 
 7.503E-07 -6.335E-02 
 7.503E-07 -6.333E-02 
 7.503E-07 -6.327E-02 
 7.503E-07 -6.318E-02 
 7.503E-07 -6.301E-02 
 7.503E-07 -6.280E-02 
 7.503E-07 -6.255E-02 
 7.503E-07 -6.221E-02 
 7.504E-07 -6.181E-02 
 7.504E-07 -6.130E-02 
 7.505E-07 -6.080E-02 
 7.505E-07 -6.037E-02 
 7.507E-07 -6.008E-02 
 7.509E-07 -6.003E-02 
 7.512E-07 -6.003E-02 
 7.533E-07 -5.999E-02 
 7.547E-07 -6.000E-02 
 7.568E-07 -5.999E-02 
 7.596E-07 -6.000E-02 
 7.793E-07 -6.000E-02 
 8.388E-07 -6.000E-02 
 8.502E-07 -6.000E-02 
 8.502E-07 -5.998E-02 
 8.502E-07 -5.998E-02 
 8.502E-07 -6.000E-02 
 8.502E-07 -5.999E-02 
 8.503E-07 -6.002E-02 
 8.503E-07 -6.008E-02 
 8.503E-07 -6.016E-02 
 8.503E-07 -6.033E-02 
 8.503E-07 -6.040E-02 
 8.503E-07 -6.049E-02 
 8.503E-07 -6.057E-02 
 8.503E-07 -6.070E-02 
 8.503E-07 -6.080E-02 
 8.503E-07 -6.085E-02 
 8.503E-07 -6.089E-02 
 8.503E-07 -6.091E-02 
 8.503E-07 -6.089E-02 
 8.503E-07 -6.082E-02 
 8.503E-07 -6.072E-02 
 8.503E-07 -6.057E-02 
 8.503E-07 -6.025E-02 
 8.503E-07 -6.008E-02 
 8.503E-07 -5.988E-02 
 8.503E-07 -5.963E-02 
 8.504E-07 -5.929E-02 
 8.504E-07 -5.892E-02 
 8.504E-07 -5.858E-02 
 8.505E-07 -5.820E-02 
 8.505E-07 -5.789E-02 
 8.507E-07 -5.767E-02 
 8.508E-07 -5.758E-02 
 8.514E-07 -5.757E-02 
 8.526E-07 -5.755E-02 
 8.537E-07 -5.755E-02 
 8.552E-07 -5.755E-02 
 8.573E-07 -5.755E-02 
 8.607E-07 -5.755E-02 
 8.824E-07 -5.755E-02 
 9.442E-07 -5.755E-02 
 9.502E-07 -5.755E-02 
 9.502E-07 -5.753E-02 
 9.502E-07 -5.754E-02 
 9.503E-07 -5.755E-02 
 9.503E-07 -5.754E-02 
 9.503E-07 -5.756E-02 
 9.503E-07 -5.758E-02 
 9.503E-07 -5.763E-02 
 9.503E-07 -5.769E-02 
 9.503E-07 -5.787E-02 
 9.503E-07 -5.796E-02 
 9.503E-07 -5.805E-02 
 9.503E-07 -5.814E-02 
 9.503E-07 -5.836E-02 
 9.503E-07 -5.843E-02 
 9.503E-07 -5.846E-02 
 9.503E-07 -5.846E-02 
 9.503E-07 -5.845E-02 
 9.503E-07 -5.841E-02 
 9.503E-07 -5.833E-02 
 9.503E-07 -5.821E-02 
 9.503E-07 -5.801E-02 
 9.503E-07 -5.779E-02 
 9.503E-07 -5.752E-02 
 9.504E-07 -5.712E-02 
 9.504E-07 -5.666E-02 
 9.504E-07 -5.622E-02 
 9.505E-07 -5.578E-02 
 9.506E-07 -5.540E-02 
 9.507E-07 -5.516E-02 
 9.510E-07 -5.514E-02 
 9.513E-07 -5.514E-02 
 9.525E-07 -5.511E-02 
 9.535E-07 -5.511E-02 
 9.551E-07 -5.510E-02 
 9.573E-07 -5.511E-02 
 9.604E-07 -5.510E-02 
 9.816E-07 -5.511E-02 
 1.050E-06 -5.510E-02 
 1.050E-06 -5.510E-02 
 1.050E-06 -5.508E-02 
 1.050E-06 -5.509E-02 
 1.050E-06 -5.510E-02 
 1.050E-06 -5.510E-02 
 1.050E-06 -5.511E-02 
 1.050E-06 -5.514E-02 
 1.050E-06 -5.521E-02 
 1.050E-06 -5.532E-02 
 1.050E-06 -5.546E-02 
 1.050E-06 -5.554E-02 
 1.050E-06 -5.559E-02 
 1.050E-06 -5.567E-02 
 1.050E-06 -5.591E-02 
 1.050E-06 -5.598E-02 
 1.050E-06 -5.601E-02 
 1.050E-06 -5.602E-02 
 1.050E-06 -5.600E-02 
 1.050E-06 -5.597E-02 
 1.050E-06 -5.590E-02 
 1.050E-06 -5.578E-02 
 1.050E-06 -5.559E-02 
 1.050E-06 -5.538E-02 
 1.050E-06 -5.509E-02 
 1.050E-06 -5.473E-02 
 1.050E-06 -5.427E-02 
 1.050E-06 -5.385E-02 
 1.050E-06 -5.347E-02 
 1.051E-06 -5.305E-02 
 1.051E-06 -5.276E-02 
 1.051E-06 -5.269E-02 
 1.051E-06 -5.269E-02 
 1.052E-06 -5.268E-02 
 1.052E-06 -5.267E-02 
 1.053E-06 -5.266E-02 
 1.054E-06 -5.266E-02 
 1.056E-06 -5.266E-02 
 1.059E-06 -5.266E-02 
 1.069E-06 -5.266E-02 
 1.129E-06 -5.266E-02 
 1.150E-06 -5.266E-02 
 1.150E-06 -5.264E-02 
 1.150E-06 -5.265E-02 
 1.150E-06 -5.265E-02 
 1.150E-06 -5.266E-02 
 1.150E-06 -5.269E-02 
 1.150E-06 -5.279E-02 
 1.150E-06 -5.297E-02 
 1.150E-06 -5.307E-02 
 1.150E-06 -5.317E-02 
 1.150E-06 -5.327E-02 
 1.150E-06 -5.338E-02 
 1.150E-06 -5.347E-02 
 1.150E-06 -5.354E-02 
 1.150E-06 -5.357E-02 
 1.150E-06 -5.357E-02 
 1.150E-06 -5.355E-02 
 1.150E-06 -5.351E-02 
 1.150E-06 -5.343E-02 
 1.150E-06 -5.331E-02 
 1.150E-06 -5.312E-02 
 1.150E-06 -5.289E-02 
 1.150E-06 -5.261E-02 
 1.150E-06 -5.222E-02 
 1.150E-06 -5.176E-02 
 1.150E-06 -5.132E-02 
 1.150E-06 -5.089E-02 
 1.151E-06 -5.053E-02 
 1.151E-06 -5.029E-02 
 1.151E-06 -5.025E-02 
 1.151E-06 -5.025E-02 
 1.152E-06 -5.022E-02 
 1.153E-06 -5.022E-02 
 1.155E-06 -5.021E-02 
 1.157E-06 -5.021E-02 
 1.160E-06 -5.021E-02 
 1.181E-06 -5.021E-02 
 1.250E-06 -5.021E-02 
 1.250E-06 -5.020E-02 
 1.250E-06 -5.019E-02 
 1.250E-06 -5.020E-02 
 1.250E-06 -5.020E-02 
 1.250E-06 -5.022E-02 
 1.250E-06 -5.026E-02 
 1.250E-06 -5.040E-02 
 1.250E-06 -5.054E-02 
 1.250E-06 -5.059E-02 
 1.250E-06 -5.065E-02 
 1.250E-06 -5.074E-02 
 1.250E-06 -5.094E-02 
 1.250E-06 -5.104E-02 
 1.250E-06 -5.110E-02 
 1.250E-06 -5.112E-02 
 1.250E-06 -5.110E-02 
 1.250E-06 -5.106E-02 
 1.250E-06 -5.098E-02 
 1.250E-06 -5.086E-02 
 1.250E-06 -5.044E-02 
 1.250E-06 -5.019E-02 
 1.250E-06 -4.979E-02 
 1.250E-06 -4.937E-02 
 1.250E-06 -4.898E-02 
 1.250E-06 -4.855E-02 
 1.251E-06 -4.819E-02 
 1.251E-06 -4.791E-02 
 1.251E-06 -4.781E-02 
 1.252E-06 -4.780E-02 
 1.253E-06 -4.777E-02 
 1.256E-06 -4.777E-02 
 1.269E-06 -4.776E-02 
 1.350E-06 -4.776E-02 
 1.350E-06 -4.775E-02 
 1.350E-06 -4.774E-02 
 1.350E-06 -4.776E-02 
 1.350E-06 -4.775E-02 
 1.350E-06 -4.775E-02 
 1.350E-06 -4.776E-02 
 1.350E-06 -4.778E-02 
 1.350E-06 -4.783E-02 
 1.350E-06 -4.797E-02 
 1.350E-06 -4.807E-02 
 1.350E-06 -4.815E-02 
 1.350E-06 -4.826E-02 
 1.350E-06 -4.845E-02 
 1.350E-06 -4.852E-02 
 1.350E-06 -4.861E-02 
 1.350E-06 -4.866E-02 
 1.350E-06 -4.868E-02 
 1.350E-06 -4.866E-02 
 1.350E-06 -4.862E-02 
 1.350E-06 -4.856E-02 
 1.350E-06 -4.845E-02 
 1.350E-06 -4.806E-02 
 1.350E-06 -4.782E-02 
 1.350E-06 -4.747E-02 
 1.350E-06 -4.702E-02 
 1.350E-06 -4.658E-02 
 1.350E-06 -4.613E-02 
 1.351E-06 -4.572E-02 
 1.351E-06 -4.544E-02 
 1.351E-06 -4.536E-02 
 1.351E-06 -4.536E-02 
 1.352E-06 -4.535E-02 
 1.352E-06 -4.533E-02 
 1.354E-06 -4.532E-02 
 1.356E-06 -4.532E-02 
 1.359E-06 -4.532E-02 
 1.378E-06 -4.532E-02 
 1.427E-06 -4.531E-02 
 1.450E-06 -4.532E-02 
 1.450E-06 -4.530E-02 
 1.450E-06 -4.532E-02 
 1.450E-06 -4.532E-02 
 1.450E-06 -4.532E-02 
 1.450E-06 -4.534E-02 
 1.450E-06 -4.537E-02 
 1.450E-06 -4.550E-02 
 1.450E-06 -4.569E-02 
 1.450E-06 -4.576E-02 
 1.450E-06 -4.580E-02 
 1.450E-06 -4.588E-02 
 1.450E-06 -4.599E-02 
 1.450E-06 -4.609E-02 
 1.450E-06 -4.618E-02 
 1.450E-06 -4.622E-02 
 1.450E-06 -4.623E-02 
 1.450E-06 -4.621E-02 
 1.450E-06 -4.618E-02 
 1.450E-06 -4.612E-02 
 1.450E-06 -4.602E-02 
 1.450E-06 -4.586E-02 
 1.450E-06 -4.564E-02 
 1.450E-06 -4.537E-02 
 1.450E-06 -4.504E-02 
 1.450E-06 -4.460E-02 
 1.450E-06 -4.418E-02 
 1.450E-06 -4.379E-02 
 1.451E-06 -4.337E-02 
 1.451E-06 -4.305E-02 
 1.451E-06 -4.292E-02 
 1.451E-06 -4.291E-02 
 1.453E-06 -4.287E-02 
 1.456E-06 -4.287E-02 
 1.468E-06 -4.287E-02 
 1.475E-06 -4.287E-02 
 1.550E-06 -4.286E-02 
 1.550E-06 -4.284E-02 
 1.550E-06 -4.285E-02 
 1.550E-06 -4.286E-02 
 1.550E-06 -4.285E-02 
 1.550E-06 -4.287E-02 
 1.550E-06 -4.290E-02 
 1.550E-06 -4.299E-02 
 1.550E-06 -4.314E-02 
 1.550E-06 -4.322E-02 
 1.550E-06 -4.329E-02 
 1.550E-06 -4.342E-02 
 1.550E-06 -4.371E-02 
 1.550E-06 -4.377E-02 
 1.550E-06 -4.378E-02 
 1.550E-06 -4.376E-02 
 1.550E-06 -4.372E-02 
 1.550E-06 -4.365E-02 
 1.550E-06 -4.355E-02 
 1.550E-06 -4.313E-02 
 1.550E-06 -4.289E-02 
 1.550E-06 -4.251E-02 
 1.550E-06 -4.204E-02 
 1.550E-06 -4.154E-02 
 1.550E-06 -4.107E-02 
 1.551E-06 -4.066E-02 
 1.551E-06 -4.049E-02 
 1.552E-06 -4.044E-02 
 1.553E-06 -4.043E-02 
 1.555E-06 -4.042E-02 
 1.561E-06 -4.042E-02 
 1.566E-06 -4.042E-02 
 1.650E-06 -4.041E-02 
 1.650E-06 -4.039E-02 
 1.650E-06 -4.041E-02 
 1.650E-06 -4.040E-02 
 1.650E-06 -4.041E-02 
 1.650E-06 -4.044E-02 
 1.650E-06 -4.047E-02 
 1.650E-06 -4.052E-02 
 1.650E-06 -4.065E-02 
 1.650E-06 -4.078E-02 
 1.650E-06 -4.086E-02 
 1.650E-06 -4.094E-02 
 1.650E-06 -4.104E-02 
 1.650E-06 -4.126E-02 
 1.650E-06 -4.130E-02 
 1.650E-06 -4.132E-02 
 1.650E-06 -4.132E-02 
 1.650E-06 -4.132E-02 
 1.650E-06 -4.130E-02 
 1.650E-06 -4.127E-02 
 1.650E-06 -4.118E-02 
 1.650E-06 -4.103E-02 
 1.650E-06 -4.067E-02 
 1.650E-06 -4.049E-02 
 1.650E-06 -4.029E-02 
 1.650E-06 -4.004E-02 
 1.650E-06 -3.969E-02 
 1.650E-06 -3.932E-02 
 1.650E-06 -3.897E-02 
 1.650E-06 -3.859E-02 
 1.651E-06 -3.829E-02 
 1.651E-06 -3.809E-02 
 1.651E-06 -3.802E-02 
 1.651E-06 -3.801E-02 
 1.652E-06 -3.800E-02 
 1.653E-06 -3.798E-02 
 1.655E-06 -3.797E-02 
 1.658E-06 -3.798E-02 
 1.661E-06 -3.797E-02 
 1.723E-06 -3.797E-02 
 1.750E-06 -3.796E-02 
 1.750E-06 -3.794E-02 
 1.750E-06 -3.795E-02 
 1.750E-06 -3.796E-02 
 1.750E-06 -3.796E-02 
 1.750E-06 -3.797E-02 
 1.750E-06 -3.800E-02 
 1.750E-06 -3.804E-02 
 1.750E-06 -3.810E-02 
 1.750E-06 -3.828E-02 
 1.750E-06 -3.837E-02 
 1.750E-06 -3.847E-02 
 1.750E-06 -3.855E-02 
 1.750E-06 -3.877E-02 
 1.750E-06 -3.884E-02 
 1.750E-06 -3.888E-02 
 1.750E-06 -3.888E-02 
 1.750E-06 -3.886E-02 
 1.750E-06 -3.882E-02 
 1.750E-06 -3.875E-02 
 1.750E-06 -3.862E-02 
 1.750E-06 -3.843E-02 
 1.750E-06 -3.821E-02 
 1.750E-06 -3.794E-02 
 1.750E-06 -3.755E-02 
 1.750E-06 -3.709E-02 
 1.750E-06 -3.666E-02 
 1.750E-06 -3.622E-02 
 1.751E-06 -3.584E-02 
 1.751E-06 -3.561E-02 
 1.751E-06 -3.558E-02 
 1.751E-06 -3.558E-02 
 1.753E-06 -3.554E-02 
 1.755E-06 -3.553E-02 
 1.760E-06 -3.552E-02 
 1.772E-06 -3.553E-02 
 1.850E-06 -3.552E-02 
 1.850E-06 -3.549E-02 
 1.850E-06 -3.551E-02 
 1.850E-06 -3.551E-02 
 1.850E-06 -3.551E-02 
 1.850E-06 -3.553E-02 
 1.850E-06 -3.556E-02 
 1.850E-06 -3.567E-02 
 1.850E-06 -3.571E-02 
 1.850E-06 -3.582E-02 
 1.850E-06 -3.589E-02 
 1.850E-06 -3.597E-02 
 1.850E-06 -3.605E-02 
 1.850E-06 -3.630E-02 
 1.850E-06 -3.640E-02 
 1.850E-06 -3.643E-02 
 1.850E-06 -3.643E-02 
 1.850E-06 -3.641E-02 
 1.850E-06 -3.637E-02 
 1.850E-06 -3.630E-02 
 1.850E-06 -3.618E-02 
 1.850E-06 -3.599E-02 
 1.850E-06 -3.577E-02 
 1.850E-06 -3.547E-02 
 1.850E-06 -3.511E-02 
 1.850E-06 -3.465E-02 
 1.850E-06 -3.424E-02 
 1.850E-06 -3.386E-02 
 1.851E-06 -3.345E-02 
 1.851E-06 -3.318E-02 
 1.851E-06 -3.314E-02 
 1.851E-06 -3.313E-02 
 1.852E-06 -3.312E-02 
 1.852E-06 -3.309E-02 
 1.855E-06 -3.308E-02 
 1.857E-06 -3.308E-02 
 1.860E-06 -3.308E-02 
 1.919E-06 -3.308E-02 
 1.942E-06 -3.307E-02 
 1.950E-06 -3.306E-02 
 1.950E-06 -3.304E-02 
 1.950E-06 -3.305E-02 
 1.950E-06 -3.306E-02 
 1.950E-06 -3.306E-02 
 1.950E-06 -3.307E-02 
 1.950E-06 -3.310E-02 
 1.950E-06 -3.321E-02 
 1.950E-06 -3.338E-02 
 1.950E-06 -3.348E-02 
 1.950E-06 -3.358E-02 
 1.950E-06 -3.368E-02 
 1.950E-06 -3.379E-02 
 1.950E-06 -3.388E-02 
 1.950E-06 -3.395E-02 
 1.950E-06 -3.398E-02 
 1.950E-06 -3.398E-02 
 1.950E-06 -3.396E-02 
 1.950E-06 -3.392E-02 
 1.950E-06 -3.385E-02 
 1.950E-06 -3.373E-02 
 1.950E-06 -3.353E-02 
 1.950E-06 -3.331E-02 
 1.950E-06 -3.304E-02 
 1.950E-06 -3.265E-02 
 1.950E-06 -3.219E-02 
 1.950E-06 -3.176E-02 
 1.950E-06 -3.133E-02 
 1.951E-06 -3.097E-02 
 1.951E-06 -3.073E-02 
 1.951E-06 -3.070E-02 
 1.951E-06 -3.069E-02 
 1.952E-06 -3.066E-02 
 1.953E-06 -3.064E-02 
 1.957E-06 -3.063E-02 
 1.981E-06 -3.063E-02 
 2.050E-06 -3.062E-02 
 2.050E-06 -3.060E-02 
 2.050E-06 -3.061E-02 
 2.050E-06 -3.061E-02 
 2.050E-06 -3.064E-02 
 2.050E-06 -3.069E-02 
 2.050E-06 -3.075E-02 
 2.050E-06 -3.091E-02 
 2.050E-06 -3.096E-02 
 2.050E-06 -3.103E-02 
 2.050E-06 -3.110E-02 
 2.050E-06 -3.127E-02 
 2.050E-06 -3.136E-02 
 2.050E-06 -3.145E-02 
 2.050E-06 -3.151E-02 
 2.050E-06 -3.153E-02 
 2.050E-06 -3.152E-02 
 2.050E-06 -3.148E-02 
 2.050E-06 -3.142E-02 
 2.050E-06 -3.131E-02 
 2.050E-06 -3.091E-02 
 2.050E-06 -3.065E-02 
 2.050E-06 -3.030E-02 
 2.050E-06 -2.988E-02 
 2.050E-06 -2.949E-02 
 2.050E-06 -2.909E-02 
 2.051E-06 -2.870E-02 
 2.051E-06 -2.840E-02 
 2.051E-06 -2.826E-02 
 2.052E-06 -2.822E-02 
 2.053E-06 -2.820E-02 
 2.056E-06 -2.819E-02 
 2.067E-06 -2.818E-02 
 2.113E-06 -2.818E-02 
 2.150E-06 -2.816E-02 
 2.150E-06 -2.815E-02 
 2.150E-06 -2.815E-02 
 2.150E-06 -2.816E-02 
 2.150E-06 -2.816E-02 
 2.150E-06 -2.817E-02 
 2.150E-06 -2.819E-02 
 2.150E-06 -2.824E-02 
 2.150E-06 -2.830E-02 
 2.150E-06 -2.848E-02 
 2.150E-06 -2.856E-02 
 2.150E-06 -2.867E-02 
 2.150E-06 -2.885E-02 
 2.150E-06 -2.893E-02 
 2.150E-06 -2.902E-02 
 2.150E-06 -2.906E-02 
 2.150E-06 -2.908E-02 
 2.150E-06 -2.908E-02 
 2.150E-06 -2.904E-02 
 2.150E-06 -2.898E-02 
 2.150E-06 -2.888E-02 
 2.150E-06 -2.872E-02 
 2.150E-06 -2.851E-02 
 2.150E-06 -2.825E-02 
 2.150E-06 -2.791E-02 
 2.150E-06 -2.750E-02 
 2.150E-06 -2.706E-02 
 2.150E-06 -2.660E-02 
 2.151E-06 -2.620E-02 
 2.151E-06 -2.591E-02 
 2.151E-06 -2.581E-02 
 2.152E-06 -2.579E-02 
 2.152E-06 -2.577E-02 
 2.153E-06 -2.575E-02 
 2.156E-06 -2.574E-02 
 2.159E-06 -2.574E-02 
 2.168E-06 -2.573E-02 
 2.250E-06 -2.571E-02 
 2.250E-06 -2.570E-02 
 2.250E-06 -2.570E-02 
 2.250E-06 -2.572E-02 
 2.250E-06 -2.571E-02 
 2.250E-06 -2.572E-02 
 2.250E-06 -2.574E-02 
 2.250E-06 -2.580E-02 
 2.250E-06 -2.586E-02 
 2.250E-06 -2.602E-02 
 2.250E-06 -2.610E-02 
 2.250E-06 -2.621E-02 
 2.250E-06 -2.628E-02 
 2.250E-06 -2.650E-02 
 2.250E-06 -2.659E-02 
 2.250E-06 -2.662E-02 
 2.250E-06 -2.664E-02 
 2.250E-06 -2.662E-02 
 2.250E-06 -2.659E-02 
 2.250E-06 -2.653E-02 
 2.250E-06 -2.642E-02 
 2.250E-06 -2.605E-02 
 2.250E-06 -2.577E-02 
 2.250E-06 -2.545E-02 
 2.250E-06 -2.500E-02 
 2.250E-06 -2.459E-02 
 2.250E-06 -2.421E-02 
 2.251E-06 -2.378E-02 
 2.251E-06 -2.348E-02 
 2.251E-06 -2.336E-02 
 2.252E-06 -2.335E-02 
 2.253E-06 -2.330E-02 
 2.256E-06 -2.329E-02 
 2.258E-06 -2.329E-02 
 2.268E-06 -2.328E-02 
 2.350E-06 -2.326E-02 
 2.350E-06 -2.324E-02 
 2.350E-06 -2.326E-02 
 2.350E-06 -2.326E-02 
 2.350E-06 -2.326E-02 
 2.350E-06 -2.328E-02 
 2.350E-06 -2.331E-02 
 2.350E-06 -2.339E-02 
 2.350E-06 -2.355E-02 
 2.350E-06 -2.363E-02 
 2.350E-06 -2.370E-02 
 2.350E-06 -2.383E-02 
 2.350E-06 -2.412E-02 
 2.350E-06 -2.417E-02 
 2.350E-06 -2.419E-02 
 2.350E-06 -2.417E-02 
 2.350E-06 -2.413E-02 
 2.350E-06 -2.406E-02 
 2.350E-06 -2.395E-02 
 2.350E-06 -2.354E-02 
 2.350E-06 -2.329E-02 
 2.350E-06 -2.291E-02 
 2.350E-06 -2.244E-02 
 2.350E-06 -2.195E-02 
 2.350E-06 -2.149E-02 
 2.351E-06 -2.108E-02 
 2.351E-06 -2.092E-02 
 2.352E-06 -2.088E-02 
 2.353E-06 -2.086E-02 
 2.356E-06 -2.084E-02 
 2.361E-06 -2.084E-02 
 2.450E-06 -2.082E-02 
 2.450E-06 -2.080E-02 
 2.450E-06 -2.080E-02 
 2.450E-06 -2.082E-02 
 2.450E-06 -2.081E-02 
 2.450E-06 -2.084E-02 
 2.450E-06 -2.091E-02 
 2.450E-06 -2.095E-02 
 2.450E-06 -2.106E-02 
 2.450E-06 -2.115E-02 
 2.450E-06 -2.122E-02 
 2.450E-06 -2.132E-02 
 2.450E-06 -2.140E-02 
 2.450E-06 -2.154E-02 
 2.450E-06 -2.163E-02 
 2.450E-06 -2.168E-02 
 2.450E-06 -2.172E-02 
 2.450E-06 -2.174E-02 
 2.450E-06 -2.171E-02 
 2.450E-06 -2.167E-02 
 2.450E-06 -2.161E-02 
 2.450E-06 -2.148E-02 
 2.450E-06 -2.111E-02 
 2.450E-06 -2.101E-02 
 2.450E-06 -2.087E-02 
 2.450E-06 -2.071E-02 
 2.450E-06 -2.052E-02 
 2.450E-06 -2.023E-02 
 2.450E-06 -1.987E-02 
 2.450E-06 -1.953E-02 
 2.450E-06 -1.921E-02 
 2.451E-06 -1.885E-02 
 2.451E-06 -1.859E-02 
 2.451E-06 -1.848E-02 
 2.451E-06 -1.845E-02 
 2.452E-06 -1.843E-02 
 2.452E-06 -1.842E-02 
 2.453E-06 -1.841E-02 
 2.455E-06 -1.840E-02 
 2.460E-06 -1.839E-02 
 2.479E-06 -1.839E-02 
 2.542E-06 -1.837E-02 
 2.550E-06 -1.837E-02 
 2.550E-06 -1.835E-02 
 2.550E-06 -1.836E-02 
 2.550E-06 -1.837E-02 
 2.550E-06 -1.837E-02 
 2.550E-06 -1.839E-02 
 2.550E-06 -1.842E-02 
 2.550E-06 -1.853E-02 
 2.550E-06 -1.870E-02 
 2.550E-06 -1.877E-02 
 2.550E-06 -1.884E-02 
 2.550E-06 -1.892E-02 
 2.550E-06 -1.922E-02 
 2.550E-06 -1.927E-02 
 2.550E-06 -1.929E-02 
 2.550E-06 -1.927E-02 
 2.550E-06 -1.922E-02 
 2.550E-06 -1.916E-02 
 2.550E-06 -1.905E-02 
 2.550E-06 -1.863E-02 
 2.550E-06 -1.839E-02 
 2.550E-06 -1.800E-02 
 2.550E-06 -1.754E-02 
 2.550E-06 -1.711E-02 
 2.550E-06 -1.668E-02 
 2.551E-06 -1.630E-02 
 2.551E-06 -1.606E-02 
 2.551E-06 -1.602E-02 
 2.551E-06 -1.601E-02 
 2.552E-06 -1.599E-02 
 2.552E-06 -1.596E-02 
 2.555E-06 -1.595E-02 
 2.560E-06 -1.594E-02 
 2.650E-06 -1.591E-02 
 2.650E-06 -1.590E-02 
 2.650E-06 -1.590E-02 
 2.650E-06 -1.591E-02 
 2.650E-06 -1.591E-02 
 2.650E-06 -1.593E-02 
 2.650E-06 -1.596E-02 
 2.650E-06 -1.602E-02 
 2.650E-06 -1.613E-02 
 2.650E-06 -1.630E-02 
 2.650E-06 -1.638E-02 
 2.650E-06 -1.646E-02 
 2.650E-06 -1.670E-02 
 2.650E-06 -1.679E-02 
 2.650E-06 -1.683E-02 
 2.650E-06 -1.684E-02 
 2.650E-06 -1.682E-02 
 2.650E-06 -1.679E-02 
 2.650E-06 -1.673E-02 
 2.650E-06 -1.662E-02 
 2.650E-06 -1.625E-02 
 2.650E-06 -1.597E-02 
 2.650E-06 -1.564E-02 
 2.650E-06 -1.519E-02 
 2.650E-06 -1.479E-02 
 2.650E-06 -1.441E-02 
 2.651E-06 -1.399E-02 
 2.651E-06 -1.369E-02 
 2.651E-06 -1.358E-02 
 2.651E-06 -1.356E-02 
 2.652E-06 -1.353E-02 
 2.654E-06 -1.350E-02 
 2.658E-06 -1.349E-02 
 2.675E-06 -1.349E-02 
 2.712E-06 -1.348E-02 
 2.750E-06 -1.347E-02 
 2.750E-06 -1.345E-02 
 2.750E-06 -1.345E-02 
 2.750E-06 -1.347E-02 
 2.750E-06 -1.347E-02 
 2.750E-06 -1.349E-02 
 2.750E-06 -1.355E-02 
 2.750E-06 -1.359E-02 
 2.750E-06 -1.376E-02 
 2.750E-06 -1.383E-02 
 2.750E-06 -1.390E-02 
 2.750E-06 -1.397E-02 
 2.750E-06 -1.408E-02 
 2.750E-06 -1.418E-02 
 2.750E-06 -1.427E-02 
 2.750E-06 -1.436E-02 
 2.750E-06 -1.438E-02 
 2.750E-06 -1.439E-02 
 2.750E-06 -1.437E-02 
 2.750E-06 -1.433E-02 
 2.750E-06 -1.426E-02 
 2.750E-06 -1.413E-02 
 2.750E-06 -1.394E-02 
 2.750E-06 -1.372E-02 
 2.750E-06 -1.342E-02 
 2.750E-06 -1.306E-02 
 2.750E-06 -1.258E-02 
 2.750E-06 -1.215E-02 
 2.750E-06 -1.176E-02 
 2.751E-06 -1.138E-02 
 2.751E-06 -1.115E-02 
 2.751E-06 -1.113E-02 
 2.751E-06 -1.112E-02 
 2.753E-06 -1.108E-02 
 2.754E-06 -1.106E-02 
 2.757E-06 -1.104E-02 
 2.782E-06 -1.104E-02 
 2.818E-06 -1.103E-02 
 2.850E-06 -1.102E-02 
 2.850E-06 -1.100E-02 
 2.850E-06 -1.101E-02 
 2.850E-06 -1.102E-02 
 2.850E-06 -1.102E-02 
 2.850E-06 -1.102E-02 
 2.850E-06 -1.104E-02 
 2.850E-06 -1.109E-02 
 2.850E-06 -1.117E-02 
 2.850E-06 -1.130E-02 
 2.850E-06 -1.136E-02 
 2.850E-06 -1.141E-02 
 2.850E-06 -1.149E-02 
 2.850E-06 -1.157E-02 
 2.850E-06 -1.187E-02 
 2.850E-06 -1.192E-02 
 2.850E-06 -1.194E-02 
 2.850E-06 -1.191E-02 
 2.850E-06 -1.186E-02 
 2.850E-06 -1.179E-02 
 2.850E-06 -1.167E-02 
 2.850E-06 -1.125E-02 
 2.850E-06 -1.100E-02 
 2.850E-06 -1.060E-02 
 2.850E-06 -1.019E-02 
 2.850E-06 -9.819E-03 
 2.850E-06 -9.396E-03 
 2.851E-06 -9.053E-03 
 2.851E-06 -8.776E-03 
 2.851E-06 -8.680E-03 
 2.852E-06 -8.658E-03 
 2.852E-06 -8.629E-03 
 2.854E-06 -8.604E-03 
 2.859E-06 -8.595E-03 
 2.869E-06 -8.591E-03 
 2.927E-06 -8.575E-03 
 2.950E-06 -8.572E-03 
 2.950E-06 -8.553E-03 
 2.950E-06 -8.562E-03 
 2.950E-06 -8.572E-03 
 2.950E-06 -8.571E-03 
 2.950E-06 -8.590E-03 
 2.950E-06 -8.620E-03 
 2.950E-06 -8.729E-03 
 2.950E-06 -8.903E-03 
 2.950E-06 -8.980E-03 
 2.950E-06 -9.041E-03 
 2.950E-06 -9.111E-03 
 2.950E-06 -9.223E-03 
 2.950E-06 -9.415E-03 
 2.950E-06 -9.474E-03 
 2.950E-06 -9.488E-03 
 2.950E-06 -9.483E-03 
 2.950E-06 -9.470E-03 
 2.950E-06 -9.426E-03 
 2.950E-06 -9.360E-03 
 2.950E-06 -9.253E-03 
 2.950E-06 -8.840E-03 
 2.950E-06 -8.598E-03 
 2.950E-06 -8.221E-03 
 2.950E-06 -7.760E-03 
 2.950E-06 -7.331E-03 
 2.950E-06 -6.930E-03 
 2.951E-06 -6.540E-03 
 2.951E-06 -6.277E-03 
 2.951E-06 -6.233E-03 
 2.951E-06 -6.225E-03 
 2.952E-06 -6.204E-03 
 2.952E-06 -6.175E-03 
 2.955E-06 -6.153E-03 
 2.960E-06 -6.145E-03 
 2.965E-06 -6.143E-03 
 3.050E-06 -6.117E-03 
 3.050E-06 -6.099E-03 
 3.050E-06 -6.103E-03 
 3.050E-06 -6.117E-03 
 3.050E-06 -6.116E-03 
 3.050E-06 -6.134E-03 
 3.050E-06 -6.169E-03 
 3.050E-06 -6.242E-03 
 3.050E-06 -6.363E-03 
 3.050E-06 -6.497E-03 
 3.050E-06 -6.568E-03 
 3.050E-06 -6.608E-03 
 3.050E-06 -6.684E-03 
 3.050E-06 -6.796E-03 
 3.050E-06 -6.896E-03 
 3.050E-06 -6.992E-03 
 3.050E-06 -7.032E-03 
 3.050E-06 -7.036E-03 
 3.050E-06 -7.020E-03 
 3.050E-06 -6.986E-03 
 3.050E-06 -6.917E-03 
 3.050E-06 -6.799E-03 
 3.050E-06 -6.619E-03 
 3.050E-06 -6.408E-03 
 3.050E-06 -6.121E-03 
 3.050E-06 -5.775E-03 
 3.050E-06 -5.329E-03 
 3.050E-06 -4.934E-03 
 3.050E-06 -4.562E-03 
 3.051E-06 -4.153E-03 
 3.051E-06 -3.869E-03 
 3.051E-06 -3.786E-03 
 3.052E-06 -3.763E-03 
 3.052E-06 -3.732E-03 
 3.054E-06 -3.708E-03 
 3.059E-06 -3.697E-03 
 3.063E-06 -3.694E-03 
 3.124E-06 -3.676E-03 
 3.150E-06 -3.679E-03 
 3.150E-06 -3.663E-03 
 3.150E-06 -3.670E-03 
 3.150E-06 -3.682E-03 
 3.150E-06 -3.679E-03 
 3.150E-06 -3.697E-03 
 3.150E-06 -3.724E-03 
 3.150E-06 -3.869E-03 
 3.150E-06 -4.017E-03 
 3.150E-06 -4.090E-03 
 3.150E-06 -4.146E-03 
 3.150E-06 -4.218E-03 
 3.150E-06 -4.330E-03 
 3.150E-06 -4.517E-03 
 3.150E-06 -4.577E-03 
 3.150E-06 -4.592E-03 
 3.150E-06 -4.588E-03 
 3.150E-06 -4.576E-03 
 3.150E-06 -4.535E-03 
 3.150E-06 -4.471E-03 
 3.150E-06 -4.370E-03 
 3.150E-06 -3.717E-03 
 3.150E-06 -3.347E-03 
 3.150E-06 -2.889E-03 
 3.150E-06 -2.393E-03 
 3.150E-06 -1.934E-03 
 3.151E-06 -1.527E-03 
 3.151E-06 -1.356E-03 
 3.152E-06 -1.296E-03 
 3.153E-06 -1.273E-03 
 3.155E-06 -1.255E-03 
 3.158E-06 -1.249E-03 
 3.161E-06 -1.246E-03 
 3.214E-06 -1.235E-03 
 3.250E-06 -1.220E-03 
 3.250E-06 -1.203E-03 
 3.250E-06 -1.212E-03 
 3.250E-06 -1.222E-03 
 3.250E-06 -1.223E-03 
 3.250E-06 -1.243E-03 
 3.250E-06 -1.271E-03 
 3.250E-06 -1.372E-03 
 3.250E-06 -1.519E-03 
 3.250E-06 -1.572E-03 
 3.250E-06 -1.673E-03 
 3.250E-06 -1.773E-03 
 3.250E-06 -1.881E-03 
 3.250E-06 -2.006E-03 
 3.250E-06 -2.085E-03 
 3.250E-06 -2.117E-03 
 3.250E-06 -2.134E-03 
 3.250E-06 -2.114E-03 
 3.250E-06 -2.083E-03 
 3.250E-06 -2.032E-03 
 3.250E-06 -1.912E-03 
 3.250E-06 -1.569E-03 
 3.250E-06 -1.407E-03 
 3.250E-06 -1.225E-03 
 3.250E-06 -1.003E-03 
 3.250E-06 -6.645E-04 
 3.250E-06 -2.841E-04 
 3.250E-06  6.752E-05 
 3.250E-06  4.281E-04 
 3.251E-06  7.662E-04 
 3.251E-06  9.918E-04 
 3.251E-06  1.094E-03 
 3.251E-06  1.120E-03 
 3.253E-06  1.183E-03 
 3.257E-06  1.200E-03 
 3.280E-06  1.209E-03 
 3.350E-06  1.231E-03 
 3.350E-06  1.248E-03 
 3.350E-06  1.240E-03 
 3.350E-06  1.229E-03 
 3.350E-06  1.232E-03 
 3.350E-06  1.218E-03 
 3.350E-06  1.195E-03 
 3.350E-06  1.146E-03 
 3.350E-06  1.088E-03 
 3.350E-06  9.123E-04 
 3.350E-06  8.230E-04 
 3.350E-06  7.264E-04 
 3.350E-06  6.387E-04 
 3.350E-06  4.230E-04 
 3.350E-06  3.478E-04 
 3.350E-06  3.143E-04 
 3.350E-06  3.134E-04 
 3.350E-06  3.303E-04 
 3.350E-06  3.665E-04 
 3.350E-06  4.388E-04 
 3.350E-06  5.623E-04 
 3.350E-06  7.492E-04 
 3.350E-06  9.640E-04 
 3.350E-06  1.257E-03 
 3.350E-06  1.613E-03 
 3.350E-06  2.095E-03 
 3.350E-06  2.523E-03 
 3.350E-06  2.913E-03 
 3.351E-06  3.291E-03 
 3.351E-06  3.524E-03 
 3.351E-06  3.554E-03 
 3.351E-06  3.565E-03 
 3.352E-06  3.589E-03 
 3.353E-06  3.619E-03 
 3.355E-06  3.643E-03 
 3.360E-06  3.651E-03 
 3.365E-06  3.654E-03 
 3.450E-06  3.676E-03 
 3.450E-06  3.693E-03 
 3.450E-06  3.689E-03 
 3.450E-06  3.675E-03 
 3.450E-06  3.678E-03 
 3.450E-06  3.663E-03 
 3.450E-06  3.634E-03 
 3.450E-06  3.516E-03 
 3.450E-06  3.428E-03 
 3.450E-06  3.381E-03 
 3.450E-06  3.311E-03 
 3.450E-06  3.235E-03 
 3.450E-06  3.164E-03 
 3.450E-06  3.059E-03 
 3.450E-06  2.925E-03 
 3.450E-06  2.824E-03 
 3.450E-06  2.777E-03 
 3.450E-06  2.758E-03 
 3.450E-06  2.784E-03 
 3.450E-06  2.831E-03 
 3.450E-06  2.909E-03 
 3.450E-06  3.038E-03 
 3.450E-06  3.460E-03 
 3.450E-06  3.747E-03 
 3.450E-06  4.152E-03 
 3.450E-06  4.572E-03 
 3.450E-06  4.964E-03 
 3.450E-06  5.399E-03 
 3.451E-06  5.736E-03 
 3.451E-06  5.963E-03 
 3.451E-06  6.002E-03 
 3.452E-06  6.036E-03 
 3.452E-06  6.068E-03 
 3.455E-06  6.091E-03 
 3.460E-06  6.100E-03 
 3.465E-06  6.103E-03 
 3.550E-06  6.135E-03 
 3.550E-06  6.147E-03 
 3.550E-06  6.132E-03 
 3.550E-06  6.119E-03 
 3.550E-06  6.093E-03 
 3.550E-06  5.987E-03 
 3.550E-06  5.811E-03 
 3.550E-06  5.716E-03 
 3.550E-06  5.615E-03 
 3.550E-06  5.519E-03 
 3.550E-06  5.314E-03 
 3.550E-06  5.239E-03 
 3.550E-06  5.215E-03 
 3.550E-06  5.210E-03 
 3.550E-06  5.268E-03 
 3.550E-06  5.344E-03 
 3.550E-06  5.463E-03 
 3.550E-06  5.652E-03 
 3.550E-06  5.870E-03 
 3.550E-06  6.142E-03 
 3.550E-06  6.526E-03 
 3.550E-06  6.975E-03 
 3.550E-06  7.398E-03 
 3.550E-06  7.822E-03 
 3.551E-06  8.173E-03 
 3.551E-06  8.408E-03 
 3.551E-06  8.448E-03 
 3.551E-06  8.459E-03 
 3.552E-06  8.482E-03 
 3.552E-06  8.514E-03 
 3.555E-06  8.540E-03 
 3.560E-06  8.551E-03 
 3.650E-06  8.583E-03 
 3.650E-06  8.598E-03 
 3.650E-06  8.591E-03 
 3.650E-06  8.579E-03 
 3.650E-06  8.581E-03 
 3.650E-06  8.554E-03 
 3.650E-06  8.507E-03 
 3.650E-06  8.443E-03 
 3.650E-06  8.283E-03 
 3.650E-06  8.231E-03 
 3.650E-06  8.164E-03 
 3.650E-06  8.094E-03 
 3.650E-06  7.923E-03 
 3.650E-06  7.834E-03 
 3.650E-06  7.739E-03 
 3.650E-06  7.684E-03 
 3.650E-06  7.661E-03 
 3.650E-06  7.673E-03 
 3.650E-06  7.711E-03 
 3.650E-06  7.776E-03 
 3.650E-06  7.884E-03 
 3.650E-06  8.281E-03 
 3.650E-06  8.535E-03 
 3.650E-06  8.889E-03 
 3.650E-06  9.293E-03 
 3.650E-06  9.675E-03 
 3.650E-06  1.007E-02 
 3.651E-06  1.045E-02 
 3.651E-06  1.075E-02 
 3.651E-06  1.089E-02 
 3.653E-06  1.097E-02 
 3.656E-06  1.099E-02 
 3.667E-06  1.100E-02 
 3.750E-06  1.104E-02 
 3.750E-06  1.105E-02 
 3.750E-06  1.102E-02 
 3.750E-06  1.100E-02 
 3.750E-06  1.095E-02 
 3.750E-06  1.090E-02 
 3.750E-06  1.071E-02 
 3.750E-06  1.063E-02 
 3.750E-06  1.053E-02 
 3.750E-06  1.034E-02 
 3.750E-06  1.027E-02 
 3.750E-06  1.017E-02 
 3.750E-06  1.013E-02 
 3.750E-06  1.011E-02 
 3.750E-06  1.012E-02 
 3.750E-06  1.016E-02 
 3.750E-06  1.022E-02 
 3.750E-06  1.033E-02 
 3.750E-06  1.071E-02 
 3.750E-06  1.094E-02 
 3.750E-06  1.129E-02 
 3.750E-06  1.172E-02 
 3.750E-06  1.215E-02 
 3.750E-06  1.256E-02 
 3.751E-06  1.298E-02 
 3.751E-06  1.326E-02 
 3.751E-06  1.334E-02 
 3.752E-06  1.337E-02 
 3.752E-06  1.340E-02 
 3.754E-06  1.343E-02 
 3.759E-06  1.345E-02 
 3.763E-06  1.345E-02 
 3.817E-06  1.346E-02 
 3.850E-06  1.347E-02 
 3.850E-06  1.349E-02 
 3.850E-06  1.348E-02 
 3.850E-06  1.347E-02 
 3.850E-06  1.348E-02 
 3.850E-06  1.346E-02 
 3.850E-06  1.343E-02 
 3.850E-06  1.332E-02 
 3.850E-06  1.323E-02 
 3.850E-06  1.318E-02 
 3.850E-06  1.311E-02 
 3.850E-06  1.303E-02 
 3.850E-06  1.295E-02 
 3.850E-06  1.270E-02 
 3.850E-06  1.260E-02 
 3.850E-06  1.256E-02 
 3.850E-06  1.256E-02 
 3.850E-06  1.258E-02 
 3.850E-06  1.261E-02 
 3.850E-06  1.268E-02 
 3.850E-06  1.280E-02 
 3.850E-06  1.298E-02 
 3.850E-06  1.320E-02 
 3.850E-06  1.348E-02 
 3.850E-06  1.383E-02 
 3.850E-06  1.428E-02 
 3.850E-06  1.468E-02 
 3.850E-06  1.505E-02 
 3.851E-06  1.545E-02 
 3.851E-06  1.572E-02 
 3.851E-06  1.579E-02 
 3.852E-06  1.582E-02 
 3.852E-06  1.585E-02 
 3.854E-06  1.588E-02 
 3.859E-06  1.590E-02 
 3.918E-06  1.591E-02 
 3.950E-06  1.593E-02 
 3.950E-06  1.594E-02 
 3.950E-06  1.593E-02 
 3.950E-06  1.593E-02 
 3.950E-06  1.593E-02 
 3.950E-06  1.591E-02 
 3.950E-06  1.589E-02 
 3.950E-06  1.584E-02 
 3.950E-06  1.580E-02 
 3.950E-06  1.573E-02 
 3.950E-06  1.556E-02 
 3.950E-06  1.549E-02 
 3.950E-06  1.537E-02 
 3.950E-06  1.508E-02 
 3.950E-06  1.502E-02 
 3.950E-06  1.500E-02 
 3.950E-06  1.502E-02 
 3.950E-06  1.506E-02 
 3.950E-06  1.513E-02 
 3.950E-06  1.523E-02 
 3.950E-06  1.587E-02 
 3.950E-06  1.624E-02 
 3.950E-06  1.670E-02 
 3.950E-06  1.719E-02 
 3.950E-06  1.764E-02 
 3.951E-06  1.805E-02 
 3.951E-06  1.822E-02 
 3.952E-06  1.828E-02 
 3.953E-06  1.831E-02 
 3.954E-06  1.832E-02 
 3.955E-06  1.833E-02 
 3.961E-06  1.835E-02 
 4.050E-06  1.837E-02 
 4.050E-06  1.839E-02 
 4.050E-06  1.837E-02 
 4.050E-06  1.837E-02 
 4.050E-06  1.837E-02 
 4.050E-06  1.834E-02 
 4.050E-06  1.827E-02 
 4.050E-06  1.820E-02 
 4.050E-06  1.807E-02 
 4.050E-06  1.800E-02 
 4.050E-06  1.792E-02 
 4.050E-06  1.785E-02 
 4.050E-06  1.776E-02 
 4.050E-06  1.762E-02 
 4.050E-06  1.755E-02 
 4.050E-06  1.752E-02 
 4.050E-06  1.749E-02 
 4.050E-06  1.746E-02 
 4.050E-06  1.747E-02 
 4.050E-06  1.755E-02 
 4.050E-06  1.763E-02 
 4.050E-06  1.779E-02 
 4.050E-06  1.796E-02 
 4.050E-06  1.831E-02 
 4.050E-06  1.869E-02 
 4.050E-06  1.898E-02 
 4.050E-06  1.933E-02 
 4.050E-06  1.966E-02 
 4.050E-06  2.000E-02 
 4.051E-06  2.032E-02 
 4.051E-06  2.056E-02 
 4.051E-06  2.067E-02 
 4.051E-06  2.070E-02 
 4.052E-06  2.075E-02 
 4.053E-06  2.077E-02 
 4.055E-06  2.078E-02 
 4.057E-06  2.079E-02 
 4.060E-06  2.079E-02 
 4.080E-06  2.080E-02 
 4.129E-06  2.081E-02 
 4.150E-06  2.082E-02 
 4.150E-06  2.084E-02 
 4.150E-06  2.083E-02 
 4.150E-06  2.082E-02 
 4.150E-06  2.082E-02 
 4.150E-06  2.080E-02 
 4.150E-06  2.077E-02 
 4.150E-06  2.066E-02 
 4.150E-06  2.049E-02 
 4.150E-06  2.042E-02 
 4.150E-06  2.036E-02 
 4.150E-06  2.028E-02 
 4.150E-06  1.998E-02 
 4.150E-06  1.992E-02 
 4.150E-06  1.990E-02 
 4.150E-06  1.993E-02 
 4.150E-06  1.997E-02 
 4.150E-06  2.004E-02 
 4.150E-06  2.014E-02 
 4.150E-06  2.055E-02 
 4.150E-06  2.079E-02 
 4.150E-06  2.117E-02 
 4.150E-06  2.162E-02 
 4.150E-06  2.204E-02 
 4.150E-06  2.244E-02 
 4.151E-06  2.282E-02 
 4.151E-06  2.308E-02 
 4.151E-06  2.313E-02 
 4.152E-06  2.317E-02 
 4.152E-06  2.320E-02 
 4.155E-06  2.323E-02 
 4.160E-06  2.324E-02 
 4.165E-06  2.325E-02 
 4.239E-06  2.326E-02 
 4.250E-06  2.327E-02 
 4.250E-06  2.329E-02 
 4.250E-06  2.328E-02 
 4.250E-06  2.327E-02 
 4.250E-06  2.328E-02 
 4.250E-06  2.327E-02 
 4.250E-06  2.324E-02 
 4.250E-06  2.319E-02 
 4.250E-06  2.313E-02 
 4.250E-06  2.297E-02 
 4.250E-06  2.289E-02 
 4.250E-06  2.280E-02 
 4.250E-06  2.272E-02 
 4.250E-06  2.251E-02 
 4.250E-06  2.241E-02 
 4.250E-06  2.237E-02 
 4.250E-06  2.235E-02 
 4.250E-06  2.237E-02 
 4.250E-06  2.240E-02 
 4.250E-06  2.247E-02 
 4.250E-06  2.258E-02 
 4.250E-06  2.295E-02 
 4.250E-06  2.323E-02 
 4.250E-06  2.356E-02 
 4.250E-06  2.400E-02 
 4.250E-06  2.440E-02 
 4.250E-06  2.477E-02 
 4.251E-06  2.518E-02 
 4.251E-06  2.547E-02 
 4.251E-06  2.557E-02 
 4.251E-06  2.560E-02 
 4.252E-06  2.564E-02 
 4.253E-06  2.566E-02 
 4.254E-06  2.567E-02 
 4.256E-06  2.568E-02 
 4.262E-06  2.569E-02 
 4.350E-06  2.572E-02 
 4.350E-06  2.573E-02 
 4.350E-06  2.574E-02 
 4.350E-06  2.574E-02 
 4.350E-06  2.572E-02 
 4.350E-06  2.573E-02 
 4.350E-06  2.570E-02 
 4.350E-06  2.565E-02 
 4.350E-06  2.560E-02 
 4.350E-06  2.543E-02 
 4.350E-06  2.536E-02 
 4.350E-06  2.529E-02 
 4.350E-06  2.522E-02 
 4.350E-06  2.513E-02 
 4.350E-06  2.492E-02 
 4.350E-06  2.484E-02 
 4.350E-06  2.481E-02 
 4.350E-06  2.480E-02 
 4.350E-06  2.483E-02 
 4.350E-06  2.486E-02 
 4.350E-06  2.493E-02 
 4.350E-06  2.506E-02 
 4.350E-06  2.524E-02 
 4.350E-06  2.546E-02 
 4.350E-06  2.575E-02 
 4.350E-06  2.610E-02 
 4.350E-06  2.658E-02 
 4.350E-06  2.700E-02 
 4.350E-06  2.738E-02 
 4.351E-06  2.776E-02 
 4.351E-06  2.799E-02 
 4.351E-06  2.802E-02 
 4.352E-06  2.806E-02 
 4.353E-06  2.809E-02 
 4.354E-06  2.811E-02 
 4.355E-06  2.813E-02 
 4.357E-06  2.814E-02 
 4.365E-06  2.814E-02 
 4.372E-06  2.815E-02 
 4.450E-06  2.818E-02 
 4.450E-06  2.819E-02 
 4.450E-06  2.815E-02 
 4.450E-06  2.810E-02 
 4.450E-06  2.802E-02 
 4.450E-06  2.789E-02 
 4.450E-06  2.784E-02 
 4.450E-06  2.778E-02 
 4.450E-06  2.771E-02 
 4.450E-06  2.763E-02 
 4.450E-06  2.732E-02 
 4.450E-06  2.727E-02 
 4.450E-06  2.726E-02 
 4.450E-06  2.728E-02 
 4.450E-06  2.733E-02 
 4.450E-06  2.740E-02 
 4.450E-06  2.752E-02 
 4.450E-06  2.793E-02 
 4.450E-06  2.818E-02 
 4.450E-06  2.857E-02 
 4.450E-06  2.897E-02 
 4.450E-06  2.934E-02 
 4.450E-06  2.976E-02 
 4.451E-06  3.009E-02 
 4.451E-06  3.037E-02 
 4.451E-06  3.047E-02 
 4.452E-06  3.050E-02 
 4.452E-06  3.054E-02 
 4.453E-06  3.056E-02 
 4.454E-06  3.057E-02 
 4.456E-06  3.058E-02 
 4.463E-06  3.059E-02 
 4.540E-06  3.061E-02 
 4.550E-06  3.062E-02 
 4.550E-06  3.064E-02 
 4.550E-06  3.063E-02 
 4.550E-06  3.062E-02 
 4.550E-06  3.062E-02 
 4.550E-06  3.060E-02 
 4.550E-06  3.058E-02 
 4.550E-06  3.047E-02 
 4.550E-06  3.030E-02 
 4.550E-06  3.020E-02 
 4.550E-06  3.009E-02 
 4.550E-06  2.999E-02 
 4.550E-06  2.976E-02 
 4.550E-06  2.973E-02 
 4.550E-06  2.971E-02 
 4.550E-06  2.971E-02 
 4.550E-06  2.972E-02 
 4.550E-06  2.975E-02 
 4.550E-06  2.982E-02 
 4.550E-06  2.993E-02 
 4.550E-06  3.030E-02 
 4.550E-06  3.053E-02 
 4.550E-06  3.090E-02 
 4.550E-06  3.134E-02 
 4.550E-06  3.177E-02 
 4.550E-06  3.217E-02 
 4.551E-06  3.259E-02 
 4.551E-06  3.285E-02 
 4.551E-06  3.291E-02 
 4.552E-06  3.295E-02 
 4.552E-06  3.299E-02 
 4.553E-06  3.301E-02 
 4.555E-06  3.302E-02 
 4.557E-06  3.303E-02 
 4.564E-06  3.304E-02 
 4.570E-06  3.304E-02 
 4.646E-06  3.305E-02 
 4.650E-06  3.306E-02 
 4.650E-06  3.308E-02 
 4.650E-06  3.308E-02 
 4.650E-06  3.306E-02 
 4.650E-06  3.307E-02 
 4.650E-06  3.304E-02 
 4.650E-06  3.301E-02 
 4.650E-06  3.289E-02 
 4.650E-06  3.277E-02 
 4.650E-06  3.270E-02 
 4.650E-06  3.263E-02 
 4.650E-06  3.255E-02 
 4.650E-06  3.221E-02 
 4.650E-06  3.217E-02 
 4.650E-06  3.215E-02 
 4.650E-06  3.217E-02 
 4.650E-06  3.220E-02 
 4.650E-06  3.226E-02 
 4.650E-06  3.236E-02 
 4.650E-06  3.270E-02 
 4.650E-06  3.297E-02 
 4.650E-06  3.326E-02 
 4.650E-06  3.365E-02 
 4.650E-06  3.405E-02 
 4.650E-06  3.443E-02 
 4.651E-06  3.485E-02 
 4.651E-06  3.517E-02 
 4.651E-06  3.534E-02 
 4.651E-06  3.538E-02 
 4.652E-06  3.541E-02 
 4.653E-06  3.545E-02 
 4.655E-06  3.547E-02 
 4.658E-06  3.548E-02 
 4.661E-06  3.549E-02 
 4.706E-06  3.550E-02 
 4.731E-06  3.551E-02 
 4.750E-06  3.552E-02 
 4.750E-06  3.553E-02 
 4.750E-06  3.552E-02 
 4.750E-06  3.552E-02 
 4.750E-06  3.552E-02 
 4.750E-06  3.551E-02 
 4.750E-06  3.548E-02 
 4.750E-06  3.543E-02 
 4.750E-06  3.536E-02 
 4.750E-06  3.519E-02 
 4.750E-06  3.512E-02 
 4.750E-06  3.505E-02 
 4.750E-06  3.498E-02 
 4.750E-06  3.468E-02 
 4.750E-06  3.462E-02 
 4.750E-06  3.460E-02 
 4.750E-06  3.462E-02 
 4.750E-06  3.466E-02 
 4.750E-06  3.472E-02 
 4.750E-06  3.483E-02 
 4.750E-06  3.548E-02 
 4.750E-06  3.586E-02 
 4.750E-06  3.633E-02 
 4.750E-06  3.681E-02 
 4.750E-06  3.725E-02 
 4.751E-06  3.764E-02 
 4.751E-06  3.779E-02 
 4.752E-06  3.786E-02 
 4.753E-06  3.790E-02 
 4.754E-06  3.791E-02 
 4.758E-06  3.794E-02 
 4.785E-06  3.795E-02 
 4.829E-06  3.796E-02 
 4.850E-06  3.797E-02 
 4.850E-06  3.799E-02 
 4.850E-06  3.798E-02 
 4.850E-06  3.797E-02 
 4.850E-06  3.797E-02 
 4.850E-06  3.795E-02 
 4.850E-06  3.793E-02 
 4.850E-06  3.782E-02 
 4.850E-06  3.767E-02 
 4.850E-06  3.759E-02 
 4.850E-06  3.753E-02 
 4.850E-06  3.749E-02 
 4.850E-06  3.741E-02 
 4.850E-06  3.714E-02 
 4.850E-06  3.709E-02 
 4.850E-06  3.707E-02 
 4.850E-06  3.706E-02 
 4.850E-06  3.709E-02 
 4.850E-06  3.715E-02 
 4.850E-06  3.726E-02 
 4.850E-06  3.740E-02 
 4.850E-06  3.759E-02 
 4.850E-06  3.785E-02 
 4.850E-06  3.805E-02 
 4.850E-06  3.828E-02 
 4.850E-06  3.856E-02 
 4.850E-06  3.894E-02 
 4.850E-06  3.928E-02 
 4.850E-06  3.959E-02 
 4.851E-06  3.994E-02 
 4.851E-06  4.016E-02 
 4.851E-06  4.025E-02 
 4.851E-06  4.029E-02 
 4.853E-06  4.034E-02 
 4.855E-06  4.037E-02 
 4.857E-06  4.038E-02 
 4.860E-06  4.039E-02 
 4.903E-06  4.040E-02 
 4.919E-06  4.040E-02 
 4.950E-06  4.041E-02 
 4.950E-06  4.043E-02 
 4.950E-06  4.043E-02 
 4.950E-06  4.041E-02 
 4.950E-06  4.041E-02 
 4.950E-06  4.040E-02 
 4.950E-06  4.036E-02 
 4.950E-06  4.025E-02 
 4.950E-06  4.017E-02 
 4.950E-06  4.008E-02 
 4.950E-06  4.001E-02 
 4.950E-06  3.995E-02 
 4.950E-06  3.988E-02 
 4.950E-06  3.968E-02 
 4.950E-06  3.958E-02 
 4.950E-06  3.952E-02 
 4.950E-06  3.950E-02 
 4.950E-06  3.952E-02 
 4.950E-06  3.956E-02 
 4.950E-06  3.963E-02 
 4.950E-06  3.973E-02 
 4.950E-06  4.014E-02 
 4.950E-06  4.038E-02 
 4.950E-06  4.075E-02 
 4.950E-06  4.120E-02 
 4.950E-06  4.162E-02 
 4.950E-06  4.201E-02 
 4.951E-06  4.240E-02 
 4.951E-06  4.266E-02 
 4.951E-06  4.271E-02 
 4.952E-06  4.274E-02 
 4.952E-06  4.277E-02 
 4.953E-06  4.280E-02 
 4.955E-06  4.282E-02 
 4.957E-06  4.283E-02 
 4.964E-06  4.284E-02 
 4.971E-06  4.284E-02 
 5.040E-06  4.285E-02 
 5.050E-06  4.286E-02 
 5.050E-06  4.288E-02 
 5.050E-06  4.288E-02 
 5.050E-06  4.286E-02 
 5.050E-06  4.286E-02 
 5.050E-06  4.285E-02 
 5.050E-06  4.282E-02 
 5.050E-06  4.271E-02 
 5.050E-06  4.257E-02 
 5.050E-06  4.250E-02 
 5.050E-06  4.242E-02 
 5.050E-06  4.234E-02 
 5.050E-06  4.200E-02 
 5.050E-06  4.196E-02 
 5.050E-06  4.195E-02 
 5.050E-06  4.197E-02 
 5.050E-06  4.200E-02 
 5.050E-06  4.206E-02 
 5.050E-06  4.216E-02 
 5.050E-06  4.253E-02 
 5.050E-06  4.280E-02 
 5.050E-06  4.313E-02 
 5.050E-06  4.357E-02 
 5.050E-06  4.396E-02 
 5.050E-06  4.433E-02 
 5.051E-06  4.474E-02 
 5.051E-06  4.504E-02 
 5.051E-06  4.515E-02 
 5.051E-06  4.518E-02 
 5.052E-06  4.522E-02 
 5.053E-06  4.524E-02 
 5.054E-06  4.526E-02 
 5.058E-06  4.528E-02 
 5.062E-06  4.528E-02 
 5.086E-06  4.529E-02 
 5.150E-06  4.532E-02 
 5.150E-06  4.534E-02 
 5.150E-06  4.532E-02 
 5.150E-06  4.532E-02 
 5.150E-06  4.532E-02 
 5.150E-06  4.529E-02 
 5.150E-06  4.524E-02 
 5.150E-06  4.519E-02 
 5.150E-06  4.502E-02 
 5.150E-06  4.495E-02 
 5.150E-06  4.488E-02 
 5.150E-06  4.481E-02 
 5.150E-06  4.472E-02 
 5.150E-06  4.452E-02 
 5.150E-06  4.443E-02 
 5.150E-06  4.441E-02 
 5.150E-06  4.440E-02 
 5.150E-06  4.442E-02 
 5.150E-06  4.446E-02 
 5.150E-06  4.453E-02 
 5.150E-06  4.465E-02 
 5.150E-06  4.484E-02 
 5.150E-06  4.505E-02 
 5.150E-06  4.531E-02 
 5.150E-06  4.569E-02 
 5.150E-06  4.613E-02 
 5.150E-06  4.655E-02 
 5.150E-06  4.697E-02 
 5.151E-06  4.732E-02 
 5.151E-06  4.755E-02 
 5.151E-06  4.760E-02 
 5.152E-06  4.764E-02 
 5.152E-06  4.768E-02 
 5.153E-06  4.770E-02 
 5.155E-06  4.772E-02 
 5.160E-06  4.773E-02 
 5.165E-06  4.773E-02 
 5.218E-06  4.775E-02 
 5.250E-06  4.776E-02 
 5.250E-06  4.778E-02 
 5.250E-06  4.777E-02 
 5.250E-06  4.776E-02 
 5.250E-06  4.776E-02 
 5.250E-06  4.774E-02 
 5.250E-06  4.770E-02 
 5.250E-06  4.761E-02 
 5.250E-06  4.748E-02 
 5.250E-06  4.743E-02 
 5.250E-06  4.737E-02 
 5.250E-06  4.730E-02 
 5.250E-06  4.722E-02 
 5.250E-06  4.692E-02 
 5.250E-06  4.687E-02 
 5.250E-06  4.685E-02 
 5.250E-06  4.687E-02 
 5.250E-06  4.692E-02 
 5.250E-06  4.699E-02 
 5.250E-06  4.711E-02 
 5.250E-06  4.752E-02 
 5.250E-06  4.777E-02 
 5.250E-06  4.816E-02 
 5.250E-06  4.856E-02 
 5.250E-06  4.892E-02 
 5.250E-06  4.934E-02 
 5.251E-06  4.967E-02 
 5.251E-06  4.995E-02 
 5.251E-06  5.004E-02 
 5.252E-06  5.007E-02 
 5.253E-06  5.014E-02 
 5.254E-06  5.016E-02 
 5.259E-06  5.018E-02 
 5.263E-06  5.018E-02 
 5.289E-06  5.019E-02 
 5.350E-06  5.021E-02 
 5.350E-06  5.023E-02 
 5.350E-06  5.021E-02 
 5.350E-06  5.021E-02 
 5.350E-06  5.021E-02 
 5.350E-06  5.019E-02 
 5.350E-06  5.017E-02 
 5.350E-06  5.006E-02 
 5.350E-06  4.989E-02 
 5.350E-06  4.979E-02 
 5.350E-06  4.969E-02 
 5.350E-06  4.959E-02 
 5.350E-06  4.938E-02 
 5.350E-06  4.935E-02 
 5.350E-06  4.932E-02 
 5.350E-06  4.930E-02 
 5.350E-06  4.930E-02 
 5.350E-06  4.931E-02 
 5.350E-06  4.935E-02 
 5.350E-06  4.941E-02 
 5.350E-06  4.952E-02 
 5.350E-06  4.989E-02 
 5.350E-06  5.012E-02 
 5.350E-06  5.049E-02 
 5.350E-06  5.093E-02 
 5.350E-06  5.135E-02 
 5.350E-06  5.175E-02 
 5.351E-06  5.216E-02 
 5.351E-06  5.243E-02 
 5.351E-06  5.249E-02 
 5.352E-06  5.253E-02 
 5.352E-06  5.256E-02 
 5.353E-06  5.259E-02 
 5.355E-06  5.261E-02 
 5.360E-06  5.263E-02 
 5.370E-06  5.263E-02 
 5.407E-06  5.264E-02 
 5.450E-06  5.265E-02 
 5.450E-06  5.267E-02 
 5.450E-06  5.267E-02 
 5.450E-06  5.266E-02 
 5.450E-06  5.266E-02 
 5.450E-06  5.264E-02 
 5.450E-06  5.261E-02 
 5.450E-06  5.250E-02 
 5.450E-06  5.237E-02 
 5.450E-06  5.229E-02 
 5.450E-06  5.222E-02 
 5.450E-06  5.218E-02 
 5.450E-06  5.210E-02 
 5.450E-06  5.197E-02 
 5.450E-06  5.187E-02 
 5.450E-06  5.179E-02 
 5.450E-06  5.175E-02 
 5.450E-06  5.175E-02 
 5.450E-06  5.177E-02 
 5.450E-06  5.180E-02 
 5.450E-06  5.187E-02 
 5.450E-06  5.199E-02 
 5.450E-06  5.217E-02 
 5.450E-06  5.238E-02 
 5.450E-06  5.267E-02 
 5.450E-06  5.302E-02 
 5.450E-06  5.345E-02 
 5.450E-06  5.384E-02 
 5.450E-06  5.420E-02 
 5.451E-06  5.460E-02 
 5.451E-06  5.487E-02 
 5.451E-06  5.494E-02 
 5.452E-06  5.497E-02 
 5.453E-06  5.504E-02 
 5.454E-06  5.506E-02 
 5.459E-06  5.508E-02 
 5.463E-06  5.508E-02 
 5.504E-06  5.509E-02 
 5.550E-06  5.510E-02 
 5.550E-06  5.512E-02 
 5.550E-06  5.511E-02 
 5.550E-06  5.510E-02 
 5.550E-06  5.511E-02 
 5.550E-06  5.510E-02 
 5.550E-06  5.507E-02 
 5.550E-06  5.502E-02 
 5.550E-06  5.495E-02 
 5.550E-06  5.478E-02 
 5.550E-06  5.471E-02 
 5.550E-06  5.464E-02 
 5.550E-06  5.457E-02 
 5.550E-06  5.427E-02 
 5.550E-06  5.421E-02 
 5.550E-06  5.419E-02 
 5.550E-06  5.421E-02 
 5.550E-06  5.425E-02 
 5.550E-06  5.431E-02 
 5.550E-06  5.443E-02 
 5.550E-06  5.507E-02 
 5.550E-06  5.544E-02 
 5.550E-06  5.591E-02 
 5.550E-06  5.639E-02 
 5.550E-06  5.683E-02 
 5.551E-06  5.722E-02 
 5.551E-06  5.737E-02 
 5.552E-06  5.745E-02 
 5.553E-06  5.748E-02 
 5.554E-06  5.750E-02 
 5.556E-06  5.751E-02 
 5.562E-06  5.753E-02 
 5.624E-06  5.754E-02 
 5.650E-06  5.754E-02 
 5.650E-06  5.756E-02 
 5.650E-06  5.755E-02 
 5.650E-06  5.755E-02 
 5.650E-06  5.755E-02 
 5.650E-06  5.752E-02 
 5.650E-06  5.748E-02 
 5.650E-06  5.737E-02 
 5.650E-06  5.723E-02 
 5.650E-06  5.714E-02 
 5.650E-06  5.704E-02 
 5.650E-06  5.694E-02 
 5.650E-06  5.672E-02 
 5.650E-06  5.668E-02 
 5.650E-06  5.665E-02 
 5.650E-06  5.664E-02 
 5.650E-06  5.665E-02 
 5.650E-06  5.667E-02 
 5.650E-06  5.671E-02 
 5.650E-06  5.682E-02 
 5.650E-06  5.697E-02 
 5.650E-06  5.728E-02 
 5.650E-06  5.753E-02 
 5.650E-06  5.784E-02 
 5.650E-06  5.808E-02 
 5.650E-06  5.838E-02 
 5.650E-06  5.872E-02 
 5.650E-06  5.906E-02 
 5.651E-06  5.938E-02 
 5.651E-06  5.965E-02 
 5.651E-06  5.980E-02 
 5.651E-06  5.984E-02 
 5.652E-06  5.990E-02 
 5.653E-06  5.993E-02 
 5.654E-06  5.995E-02 
 5.659E-06  5.997E-02 
 5.703E-06  5.999E-02 
 5.750E-06  6.000E-02 
 5.750E-06  6.002E-02 
 5.750E-06  6.001E-02 
 5.750E-06  6.000E-02 
 5.750E-06  6.000E-02 
 5.750E-06  5.998E-02 
 5.750E-06  5.995E-02 
 5.750E-06  5.984E-02 
 5.750E-06  5.967E-02 
 5.750E-06  5.960E-02 
 5.750E-06  5.954E-02 
 5.750E-06  5.947E-02 
 5.750E-06  5.917E-02 
 5.750E-06  5.911E-02 
 5.750E-06  5.909E-02 
 5.750E-06  5.911E-02 
 5.750E-06  5.915E-02 
 5.750E-06  5.921E-02 
 5.750E-06  5.931E-02 
 5.750E-06  5.995E-02 
 5.750E-06  6.031E-02 
 5.750E-06  6.076E-02 
 5.750E-06  6.118E-02 
 5.750E-06  6.157E-02 
 5.751E-06  6.196E-02 
 5.751E-06  6.222E-02 
 5.751E-06  6.228E-02 
 5.752E-06  6.232E-02 
 5.752E-06  6.236E-02 
 5.753E-06  6.239E-02 
 5.755E-06  6.240E-02 
 5.760E-06  6.242E-02 
 5.780E-06  6.243E-02 
 5.816E-06  6.244E-02 
 5.850E-06  6.245E-02 
 5.850E-06  6.247E-02 
 5.850E-06  6.246E-02 
 5.850E-06  6.245E-02 
 5.850E-06  6.245E-02 
 5.850E-06  6.244E-02 
 5.850E-06  6.241E-02 
 5.850E-06  6.230E-02 
 5.850E-06  6.215E-02 
 5.850E-06  6.207E-02 
 5.850E-06  6.198E-02 
 5.850E-06  6.190E-02 
 5.850E-06  6.161E-02 
 5.850E-06  6.156E-02 
 5.850E-06  6.154E-02 
 5.850E-06  6.154E-02 
 5.850E-06  6.155E-02 
 5.850E-06  6.159E-02 
 5.850E-06  6.165E-02 
 5.850E-06  6.175E-02 
 5.850E-06  6.213E-02 
 5.850E-06  6.235E-02 
 5.850E-06  6.269E-02 
 5.850E-06  6.311E-02 
 5.850E-06  6.349E-02 
 5.850E-06  6.389E-02 
 5.851E-06  6.427E-02 
 5.851E-06  6.457E-02 
 5.851E-06  6.471E-02 
 5.852E-06  6.479E-02 
 5.853E-06  6.482E-02 
 5.854E-06  6.484E-02 
 5.856E-06  6.486E-02 
 5.861E-06  6.487E-02 
 5.874E-06  6.487E-02 
 5.920E-06  6.488E-02 
 5.950E-06  6.490E-02 
 5.950E-06  6.491E-02 
 5.950E-06  6.491E-02 
 5.950E-06  6.490E-02 
 5.950E-06  6.490E-02 
 5.950E-06  6.488E-02 
 5.950E-06  6.485E-02 
 5.950E-06  6.474E-02 
 5.950E-06  6.457E-02 
 5.950E-06  6.449E-02 
 5.950E-06  6.443E-02 
 5.950E-06  6.437E-02 
 5.950E-06  6.425E-02 
 5.950E-06  6.406E-02 
 5.950E-06  6.400E-02 
 5.950E-06  6.399E-02 
 5.950E-06  6.399E-02 
 5.950E-06  6.400E-02 
 5.950E-06  6.405E-02 
 5.950E-06  6.411E-02 
 5.950E-06  6.421E-02 
 5.950E-06  6.485E-02 
 5.950E-06  6.522E-02 
 5.950E-06  6.566E-02 
 5.950E-06  6.608E-02 
 5.950E-06  6.647E-02 
 5.951E-06  6.685E-02 
 5.951E-06  6.711E-02 
 5.951E-06  6.717E-02 
 5.951E-06  6.718E-02 
 5.952E-06  6.726E-02 
 5.953E-06  6.728E-02 
 5.955E-06  6.730E-02 
 5.957E-06  6.731E-02 
 5.965E-06  6.732E-02 
 6.022E-06  6.733E-02 
 6.035E-06  6.734E-02 
 6.050E-06  6.734E-02 
 6.050E-06  6.736E-02 
 6.050E-06  6.735E-02 
 6.050E-06  6.734E-02 
 6.050E-06  6.734E-02 
 6.050E-06  6.732E-02 
 6.050E-06  6.729E-02 
 6.050E-06  6.718E-02 
 6.050E-06  6.704E-02 
 6.050E-06  6.699E-02 
 6.050E-06  6.692E-02 
 6.050E-06  6.686E-02 
 6.050E-06  6.677E-02 
 6.050E-06  6.667E-02 
 6.050E-06  6.651E-02 
 6.050E-06  6.646E-02 
 6.050E-06  6.644E-02 
 6.050E-06  6.646E-02 
 6.050E-06  6.650E-02 
 6.050E-06  6.658E-02 
 6.050E-06  6.671E-02 
 6.050E-06  6.712E-02 
 6.050E-06  6.743E-02 
 6.050E-06  6.780E-02 
 6.050E-06  6.821E-02 
 6.050E-06  6.859E-02 
 6.050E-06  6.898E-02 
 6.051E-06  6.930E-02 
 6.051E-06  6.955E-02 
 6.051E-06  6.961E-02 
 6.052E-06  6.966E-02 
 6.052E-06  6.970E-02 
 6.053E-06  6.973E-02 
 6.055E-06  6.975E-02 
 6.057E-06  6.976E-02 
 6.064E-06  6.977E-02 
 6.113E-06  6.978E-02 
 6.120E-06  6.978E-02 
 6.150E-06  6.978E-02 
 6.150E-06  6.980E-02 
 6.150E-06  6.979E-02 
 6.150E-06  6.978E-02 
 6.150E-06  6.978E-02 
 6.150E-06  6.976E-02 
 6.150E-06  6.972E-02 
 6.150E-06  6.960E-02 
 6.150E-06  6.947E-02 
 6.150E-06  6.937E-02 
 6.150E-06  6.927E-02 
 6.150E-06  6.916E-02 
 6.150E-06  6.897E-02 
 6.150E-06  6.890E-02 
 6.150E-06  6.888E-02 
 6.150E-06  6.888E-02 
 6.150E-06  6.889E-02 
 6.150E-06  6.893E-02 
 6.150E-06  6.899E-02 
 6.150E-06  6.909E-02 
 6.150E-06  6.947E-02 
 6.150E-06  6.972E-02 
 6.150E-06  7.005E-02 
 6.150E-06  7.047E-02 
 6.150E-06  7.089E-02 
 6.150E-06  7.129E-02 
 6.151E-06  7.171E-02 
 6.151E-06  7.198E-02 
 6.151E-06  7.206E-02 
 6.152E-06  7.210E-02 
 6.152E-06  7.214E-02 
 6.153E-06  7.217E-02 
 6.154E-06  7.219E-02 
 6.157E-06  7.220E-02 
 6.163E-06  7.221E-02 
 6.178E-06  7.222E-02 
 6.218E-06  7.223E-02 
 6.250E-06  7.224E-02 
 6.250E-06  7.226E-02 
 6.250E-06  7.225E-02 
 6.250E-06  7.224E-02 
 6.250E-06  7.224E-02 
 6.250E-06  7.222E-02 
 6.250E-06  7.219E-02 
 6.250E-06  7.208E-02 
 6.250E-06  7.195E-02 
 6.250E-06  7.183E-02 
 6.250E-06  7.177E-02 
 6.250E-06  7.168E-02 
 6.250E-06  7.143E-02 
 6.250E-06  7.136E-02 
 6.250E-06  7.133E-02 
 6.250E-06  7.133E-02 
 6.250E-06  7.135E-02 
 6.250E-06  7.139E-02 
 6.250E-06  7.147E-02 
 6.250E-06  7.159E-02 
 6.250E-06  7.177E-02 
 6.250E-06  7.199E-02 
 6.250E-06  7.226E-02 
 6.250E-06  7.264E-02 
 6.250E-06  7.304E-02 
 6.250E-06  7.341E-02 
 6.250E-06  7.383E-02 
 6.251E-06  7.416E-02 
 6.251E-06  7.442E-02 
 6.251E-06  7.450E-02 
 6.252E-06  7.455E-02 
 6.252E-06  7.459E-02 
 6.253E-06  7.462E-02 
 6.254E-06  7.464E-02 
 6.256E-06  7.465E-02 
 6.263E-06  7.466E-02 
 6.270E-06  7.466E-02 
 6.321E-06  7.468E-02 
 6.350E-06  7.470E-02 
 6.350E-06  7.471E-02 
 6.350E-06  7.470E-02 
 6.350E-06  7.470E-02 
 6.350E-06  7.470E-02 
 6.350E-06  7.468E-02 
 6.350E-06  7.464E-02 
 6.350E-06  7.455E-02 
 6.350E-06  7.445E-02 
 6.350E-06  7.437E-02 
 6.350E-06  7.425E-02 
 6.350E-06  7.413E-02 
 6.350E-06  7.403E-02 
 6.350E-06  7.379E-02 
 6.350E-06  7.374E-02 
 6.350E-06  7.369E-02 
 6.350E-06  7.366E-02 
 6.350E-06  7.365E-02 
 6.350E-06  7.366E-02 
 6.350E-06  7.368E-02 
 6.350E-06  7.383E-02 
 6.350E-06  7.412E-02 
 6.350E-06  7.435E-02 
 6.350E-06  7.467E-02 
 6.350E-06  7.506E-02 
 6.350E-06  7.548E-02 
 6.350E-06  7.593E-02 
 6.350E-06  7.636E-02 
 6.351E-06  7.674E-02 
 6.351E-06  7.692E-02 
 6.352E-06  7.702E-02 
 6.353E-06  7.705E-02 
 6.354E-06  7.708E-02 
 6.356E-06  7.709E-02 
 6.361E-06  7.711E-02 
 6.375E-06  7.711E-02 
 6.400E-06  7.712E-02 
